0.500000	0.958851
0.500000	0.162537
0.500000	0.016371
0.500000	0.001173
0.500000	0.000056
0.500000	-0.000157
0.500000	-0.003519
0.510000	0.957210
0.510000	0.165619
0.510000	0.017021
0.510000	0.001250
0.510000	0.000142
0.510000	0.001258
0.510000	0.027000
0.520000	0.955539
0.520000	0.168691
0.520000	0.017681
0.520000	0.001316
0.520000	0.000038
0.520000	-0.000653
0.520000	-0.013854
0.530000	0.953837
0.530000	0.171754
0.530000	0.018354
0.530000	0.001395
0.530000	0.000070
0.530000	-0.000212
0.530000	-0.004468
0.540000	0.952104
0.540000	0.174806
0.540000	0.019038
0.540000	0.001475
0.540000	0.000088
0.540000	-0.000010
0.540000	-0.000288
0.550000	0.950340
0.550000	0.177847
0.550000	0.019734
0.550000	0.001557
0.550000	0.000088
0.550000	-0.000124
0.550000	-0.002558
0.560000	0.948547
0.560000	0.180878
0.560000	0.020442
0.560000	0.001642
0.560000	0.000081
0.560000	-0.000346
0.560000	-0.006873
0.570000	0.946723
0.570000	0.183898
0.570000	0.021162
0.570000	0.001734
0.570000	0.000138
0.570000	0.000451
0.570000	0.008574
0.580000	0.944869
0.580000	0.186907
0.580000	0.021893
0.580000	0.001823
0.580000	0.000112
0.580000	-0.000084
0.580000	-0.001704
0.590000	0.942985
0.590000	0.189905
0.590000	0.022635
0.590000	0.001920
0.590000	0.000148
0.590000	0.000339
0.590000	0.006173
0.600000	0.941071
0.600000	0.192892
0.600000	0.023389
0.600000	0.002015
0.600000	0.000114
0.600000	-0.000308
0.600000	-0.005766
0.610000	0.939127
0.610000	0.195867
0.610000	0.024154
0.610000	0.002116
0.610000	0.000133
0.610000	-0.000153
0.610000	-0.002896
0.620000	0.937154
0.620000	0.198831
0.620000	0.024930
0.620000	0.002221
0.620000	0.000150
0.620000	-0.000051
0.620000	-0.001054
0.630000	0.935150
0.630000	0.201782
0.630000	0.025718
0.630000	0.002329
0.630000	0.000157
0.630000	-0.000091
0.630000	-0.001747
0.640000	0.933118
0.640000	0.204722
0.640000	0.026517
0.640000	0.002439
0.640000	0.000159
0.640000	-0.000204
0.640000	-0.003667
0.650000	0.931056
0.650000	0.207650
0.650000	0.027327
0.650000	0.002556
0.650000	0.000198
0.650000	0.000188
0.650000	0.002988
0.660000	0.928965
0.660000	0.210565
0.660000	0.028147
0.660000	0.002672
0.660000	0.000189
0.660000	-0.000088
0.660000	-0.001654
0.670000	0.926845
0.670000	0.213467
0.670000	0.028979
0.670000	0.002794
0.670000	0.000216
0.670000	0.000106
0.670000	0.001529
0.680000	0.924696
0.680000	0.216357
0.680000	0.029821
0.680000	0.002917
0.680000	0.000209
0.680000	-0.000149
0.680000	-0.002627
0.690000	0.922518
0.690000	0.219234
0.690000	0.030675
0.690000	0.003046
0.690000	0.000225
0.690000	-0.000109
0.690000	-0.001964
0.700000	0.920311
0.700000	0.222098
0.700000	0.031539
0.700000	0.003178
0.700000	0.000241
0.700000	-0.000073
0.700000	-0.001392
0.710000	0.918076
0.710000	0.224949
0.710000	0.032413
0.710000	0.003314
0.710000	0.000255
0.710000	-0.000076
0.710000	-0.001425
0.720000	0.915812
0.720000	0.227786
0.720000	0.033298
0.720000	0.003453
0.720000	0.000269
0.720000	-0.000092
0.720000	-0.001680
0.730000	0.913520
0.730000	0.230610
0.730000	0.034194
0.730000	0.003597
0.730000	0.000294
0.730000	0.000032
0.730000	0.000195
0.740000	0.911200
0.740000	0.233421
0.740000	0.035100
0.740000	0.003743
0.740000	0.000302
0.740000	-0.000066
0.740000	-0.001279
0.750000	0.908852
0.750000	0.236217
0.750000	0.036017
0.750000	0.003894
0.750000	0.000328
0.750000	0.000038
0.750000	0.000230
0.760000	0.906476
0.760000	0.238999
0.760000	0.036943
0.760000	0.004047
0.760000	0.000332
0.760000	-0.000120
0.760000	-0.002073
0.770000	0.904072
0.770000	0.241768
0.770000	0.037880
0.770000	0.004206
0.770000	0.000353
0.770000	-0.000080
0.770000	-0.001502
0.780000	0.901640
0.780000	0.244521
0.780000	0.038827
0.780000	0.004370
0.780000	0.000387
0.780000	0.000098
0.780000	0.000998
0.790000	0.899181
0.790000	0.247261
0.790000	0.039784
0.790000	0.004535
0.790000	0.000403
0.790000	0.000058
0.790000	0.000408
0.800000	0.896695
0.800000	0.249985
0.800000	0.040750
0.800000	0.004704
0.800000	0.000412
0.800000	-0.000074
0.800000	-0.001428
0.810000	0.894182
0.810000	0.252695
0.810000	0.041727
0.810000	0.004880
0.810000	0.000449
0.810000	0.000113
0.810000	0.001086
0.820000	0.891641
0.820000	0.255390
0.820000	0.042713
0.820000	0.005058
0.820000	0.000460
0.820000	-0.000004
0.820000	-0.000512
0.830000	0.889074
0.830000	0.258070
0.830000	0.043710
0.830000	0.005241
0.830000	0.000493
0.830000	0.000105
0.830000	0.000900
0.840000	0.886480
0.840000	0.260735
0.840000	0.044715
0.840000	0.005428
0.840000	0.000520
0.840000	0.000145
0.840000	0.001379
0.850000	0.883859
0.850000	0.263384
0.850000	0.045730
0.850000	0.005618
0.850000	0.000535
0.850000	0.000045
0.850000	0.000042
0.860000	0.881212
0.860000	0.266017
0.860000	0.046755
0.860000	0.005813
0.860000	0.000561
0.860000	0.000059
0.860000	0.000193
0.870000	0.878539
0.870000	0.268635
0.870000	0.047789
0.870000	0.006013
0.870000	0.000590
0.870000	0.000092
0.870000	0.000573
0.880000	0.875840
0.880000	0.271237
0.880000	0.048832
0.880000	0.006217
0.880000	0.000619
0.880000	0.000115
0.880000	0.000825
0.890000	0.873114
0.890000	0.273823
0.890000	0.049884
0.890000	0.006424
0.890000	0.000639
0.890000	0.000041
0.890000	-0.000138
0.900000	0.870363
0.900000	0.276392
0.900000	0.050945
0.900000	0.006637
0.900000	0.000674
0.900000	0.000102
0.900000	0.000569
0.910000	0.867587
0.910000	0.278946
0.910000	0.052015
0.910000	0.006852
0.910000	0.000695
0.910000	0.000022
0.910000	-0.000429
0.920000	0.864784
0.920000	0.281483
0.920000	0.053094
0.920000	0.007074
0.920000	0.000732
0.920000	0.000083
0.920000	0.000262
0.930000	0.861957
0.930000	0.284003
0.930000	0.054182
0.930000	0.007300
0.930000	0.000764
0.930000	0.000095
0.930000	0.000357
0.940000	0.859104
0.940000	0.286507
0.940000	0.055279
0.940000	0.007530
0.940000	0.000793
0.940000	0.000063
0.940000	-0.000054
0.950000	0.856227
0.950000	0.288993
0.950000	0.056384
0.950000	0.007764
0.950000	0.000824
0.950000	0.000043
0.950000	-0.000324
0.960000	0.853325
0.960000	0.291463
0.960000	0.057498
0.960000	0.008004
0.960000	0.000864
0.960000	0.000093
0.960000	0.000202
0.970000	0.850398
0.970000	0.293915
0.970000	0.058620
0.970000	0.008248
0.970000	0.000899
0.970000	0.000093
0.970000	0.000155
0.980000	0.847446
0.980000	0.296351
0.980000	0.059750
0.980000	0.008496
0.980000	0.000934
0.980000	0.000085
0.980000	0.000019
0.990000	0.844471
0.990000	0.298768
0.990000	0.060888
0.990000	0.008749
0.990000	0.000973
0.990000	0.000100
0.990000	0.000135
1.000000	0.841471
1.000000	0.301169
1.000000	0.062035
1.000000	0.009006
1.000000	0.001010
1.000000	0.000087
1.000000	-0.000048
1.010000	0.838448
1.010000	0.303551
1.010000	0.063190
1.010000	0.009269
1.010000	0.001048
1.010000	0.000071
1.010000	-0.000270
1.020000	0.835400
1.020000	0.305916
1.020000	0.064352
1.020000	0.009536
1.020000	0.001094
1.020000	0.000117
1.020000	0.000172
1.029999	0.832329
1.029999	0.308262
1.029999	0.065523
1.029999	0.009809
1.029999	0.001138
1.029999	0.000135
1.029999	0.000303
1.039999	0.829235
1.039999	0.310591
1.039999	0.066701
1.039999	0.010085
1.039999	0.001181
1.039999	0.000137
1.039999	0.000265
1.049999	0.826118
1.049999	0.312901
1.049999	0.067886
1.049999	0.010367
1.049999	0.001224
1.049999	0.000128
1.049999	0.000122
1.059999	0.822977
1.059999	0.315193
1.059999	0.069079
1.059999	0.010653
1.059999	0.001272
1.059999	0.000145
1.059999	0.000229
1.069999	0.819814
1.069999	0.317466
1.069999	0.070280
1.069999	0.010944
1.069999	0.001314
1.069999	0.000105
1.069999	-0.000237
1.079999	0.816628
1.079999	0.319721
1.079999	0.071488
1.079999	0.011240
1.079999	0.001367
1.079999	0.000154
1.079999	0.000203
1.089999	0.813419
1.089999	0.321957
1.089999	0.072703
1.089999	0.011541
1.089999	0.001415
1.089999	0.000141
1.089999	0.000011
1.099999	0.810189
1.099999	0.324175
1.099999	0.073925
1.099999	0.011847
1.099999	0.001467
1.099999	0.000155
1.099999	0.000087
1.109999	0.806936
1.109999	0.326373
1.109999	0.075154
1.109999	0.012158
1.109999	0.001519
1.109999	0.000155
1.109999	0.000020
1.119999	0.803661
1.119999	0.328552
1.119999	0.076390
1.119999	0.012474
1.119999	0.001573
1.119999	0.000163
1.119999	0.000027
1.129999	0.800365
1.129999	0.330712
1.129999	0.077633
1.129999	0.012795
1.129999	0.001628
1.129999	0.000169
1.129999	0.000018
1.139999	0.797047
1.139999	0.332853
1.139999	0.078882
1.139999	0.013121
1.139999	0.001686
1.139999	0.000188
1.139999	0.000129
1.149999	0.793708
1.149999	0.334974
1.149999	0.080138
1.149999	0.013452
1.149999	0.001743
1.149999	0.000191
1.149999	0.000080
1.159999	0.790348
1.159999	0.337076
1.159999	0.081400
1.159999	0.013788
1.159999	0.001801
1.159999	0.000183
1.159999	-0.000063
1.169999	0.786967
1.169999	0.339158
1.169999	0.082669
1.169999	0.014129
1.169999	0.001862
1.169999	0.000193
1.169999	-0.000048
1.179999	0.783565
1.179999	0.341220
1.179999	0.083944
1.179999	0.014475
1.179999	0.001926
1.179999	0.000215
1.179999	0.000082
1.189999	0.780142
1.189999	0.343262
1.189999	0.085225
1.189999	0.014826
1.189999	0.001989
1.189999	0.000217
1.189999	0.000020
1.199999	0.776699
1.199999	0.345284
1.199999	0.086512
1.199999	0.015183
1.199999	0.002054
1.199999	0.000222
1.199999	-0.000018
1.209999	0.773237
1.209999	0.347287
1.209999	0.087805
1.209999	0.015545
1.209999	0.002122
1.209999	0.000240
1.209999	0.000058
1.219999	0.769754
1.219999	0.349269
1.219999	0.089104
1.219999	0.015911
1.219999	0.002191
1.219999	0.000249
1.219999	0.000059
1.229999	0.766251
1.229999	0.351230
1.229999	0.090408
1.229999	0.016283
1.229999	0.002259
1.229999	0.000248
1.229999	-0.000043
1.239999	0.762729
1.239999	0.353171
1.239999	0.091718
1.239999	0.016660
1.239999	0.002332
1.239999	0.000266
1.239999	0.000028
1.249999	0.759188
1.249999	0.355092
1.249999	0.093034
1.249999	0.017043
1.249999	0.002406
1.249999	0.000280
1.249999	0.000062
1.259999	0.755628
1.259999	0.356992
1.259999	0.094354
1.259999	0.017430
1.259999	0.002480
1.259999	0.000282
1.259999	-0.000015
1.269999	0.752048
1.269999	0.358872
1.269999	0.095680
1.269999	0.017823
1.269999	0.002557
1.269999	0.000296
1.269999	0.000006
1.279999	0.748450
1.279999	0.360730
1.279999	0.097012
1.279999	0.018221
1.279999	0.002637
1.279999	0.000318
1.279999	0.000100
1.289999	0.744834
1.289999	0.362568
1.289999	0.098348
1.289999	0.018625
1.289999	0.002717
1.289999	0.000331
1.289999	0.000102
1.299999	0.741199
1.299999	0.364384
1.299999	0.099688
1.299999	0.019033
1.299999	0.002797
1.299999	0.000329
1.299999	-0.000010
1.309999	0.737546
1.309999	0.366180
1.309999	0.101034
1.309999	0.019447
1.309999	0.002882
1.309999	0.000354
1.309999	0.000086
1.319999	0.733875
1.319999	0.367954
1.319999	0.102385
1.319999	0.019866
1.319999	0.002968
1.319999	0.000367
1.319999	0.000093
1.329999	0.730187
1.329999	0.369707
1.329999	0.103739
1.329999	0.020291
1.329999	0.003054
1.329999	0.000376
1.329999	0.000053
1.339999	0.726481
1.339999	0.371439
1.339999	0.105099
1.339999	0.020720
1.339999	0.003142
1.339999	0.000383
1.339999	-0.000002
1.349999	0.722758
1.349999	0.373149
1.349999	0.106462
1.349999	0.021156
1.349999	0.003233
1.349999	0.000399
1.349999	0.000019
1.359999	0.719018
1.359999	0.374838
1.359999	0.107830
1.359999	0.021596
1.359999	0.003326
1.359999	0.000415
1.359999	0.000027
1.369999	0.715262
1.369999	0.376505
1.369999	0.109202
1.369999	0.022042
1.369999	0.003421
1.369999	0.000431
1.369999	0.000044
1.379999	0.711488
1.379999	0.378150
1.379999	0.110577
1.379999	0.022493
1.379999	0.003517
1.379999	0.000446
1.379999	0.000039
1.389999	0.707699
1.389999	0.379774
1.389999	0.111957
1.389999	0.022949
1.389999	0.003615
1.389999	0.000459
1.389999	0.000020
1.399999	0.703893
1.399999	0.381375
1.399999	0.113340
1.399999	0.023411
1.399999	0.003716
1.399999	0.000476
1.399999	0.000022
1.409999	0.700071
1.409999	0.382955
1.409999	0.114727
1.409999	0.023878
1.409999	0.003819
1.409999	0.000495
1.409999	0.000046
1.419999	0.696234
1.419999	0.384513
1.419999	0.116117
1.419999	0.024351
1.419999	0.003923
1.419999	0.000513
1.419999	0.000053
1.429999	0.692381
1.429999	0.386048
1.429999	0.117511
1.429999	0.024829
1.429999	0.004029
1.429999	0.000527
1.429999	0.000022
1.439999	0.688513
1.439999	0.387562
1.439999	0.118908
1.439999	0.025312
1.439999	0.004137
1.439999	0.000546
1.439999	0.000032
1.449999	0.684630
1.449999	0.389053
1.449999	0.120308
1.449999	0.025801
1.449999	0.004249
1.449999	0.000573
1.449999	0.000096
1.459999	0.680732
1.459999	0.390522
1.459999	0.121710
1.459999	0.026295
1.459999	0.004361
1.459999	0.000585
1.459999	0.000050
1.469999	0.676820
1.469999	0.391968
1.469999	0.123116
1.469999	0.026794
1.469999	0.004476
1.469999	0.000611
1.469999	0.000095
1.479999	0.672893
1.479999	0.393392
1.479999	0.124525
1.479999	0.027299
1.479999	0.004593
1.479999	0.000629
1.479999	0.000086
1.489999	0.668952
1.489999	0.394794
1.489999	0.125936
1.489999	0.027809
1.489999	0.004711
1.489999	0.000645
1.489999	0.000049
1.499999	0.664997
1.499999	0.396173
1.499999	0.127349
1.499999	0.028325
1.499999	0.004833
1.499999	0.000671
1.499999	0.000088
1.509999	0.661029
1.509999	0.397529
1.509999	0.128765
1.509999	0.028846
1.509999	0.004956
1.509999	0.000693
1.509999	0.000094
1.519999	0.657047
1.519999	0.398863
1.519999	0.130183
1.519999	0.029371
1.519999	0.005080
1.519999	0.000708
1.519999	0.000046
1.529999	0.653051
1.529999	0.400174
1.529999	0.131603
1.529999	0.029903
1.529999	0.005209
1.529999	0.000736
1.529999	0.000083
1.539999	0.649043
1.539999	0.401462
1.539999	0.133026
1.539999	0.030440
1.539999	0.005338
1.539999	0.000757
1.539999	0.000067
1.549999	0.645022
1.549999	0.402727
1.549999	0.134450
1.549999	0.030982
1.549999	0.005471
1.549999	0.000783
1.549999	0.000089
1.559999	0.640989
1.559999	0.403969
1.559999	0.135876
1.559999	0.031530
1.559999	0.005605
1.559999	0.000806
1.559999	0.000080
1.569999	0.636943
1.569999	0.405189
1.569999	0.137303
1.569999	0.032083
1.569999	0.005743
1.569999	0.000838
1.569999	0.000130
1.579999	0.632885
1.579999	0.406385
1.579999	0.138732
1.579999	0.032641
1.579999	0.005882
1.579999	0.000861
1.579999	0.000114
1.589999	0.628815
1.589999	0.407558
1.589999	0.140162
1.589999	0.033205
1.589999	0.006023
1.589999	0.000886
1.589999	0.000105
1.599999	0.624734
1.599999	0.408708
1.599999	0.141594
1.599999	0.033774
1.599999	0.006167
1.599999	0.000915
1.599999	0.000126
1.609999	0.620641
1.609999	0.409835
1.609999	0.143027
1.609999	0.034348
1.609999	0.006313
1.609999	0.000944
1.609999	0.000138
1.619999	0.616537
1.619999	0.410939
1.619999	0.144461
1.619999	0.034928
1.619999	0.006461
1.619999	0.000969
1.619999	0.000118
1.629999	0.612423
1.629999	0.412019
1.629999	0.145895
1.629999	0.035512
1.629999	0.006612
1.629999	0.000996
1.629999	0.000109
1.639999	0.608297
1.639999	0.413076
1.639999	0.147331
1.639999	0.036103
1.639999	0.006766
1.639999	0.001028
1.639999	0.000129
1.649999	0.604161
1.649999	0.414110
1.649999	0.148767
1.649999	0.036698
1.649999	0.006922
1.649999	0.001060
1.649999	0.000144
1.659999	0.600015
1.659999	0.415120
1.659999	0.150203
1.659999	0.037298
1.659999	0.007080
1.659999	0.001087
1.659999	0.000123
1.669999	0.595859
1.669999	0.416107
1.669999	0.151640
1.669999	0.037905
1.669999	0.007241
1.669999	0.001121
1.669999	0.000145
1.679999	0.591693
1.679999	0.417071
1.679999	0.153077
1.679999	0.038516
1.679999	0.007405
1.679999	0.001153
1.679999	0.000147
1.689999	0.587517
1.689999	0.418011
1.689999	0.154514
1.689999	0.039132
1.689999	0.007571
1.689999	0.001185
1.689999	0.000140
1.699999	0.583333
1.699999	0.418927
1.699999	0.155951
1.699999	0.039754
1.699999	0.007740
1.699999	0.001222
1.699999	0.000168
1.709999	0.579139
1.709999	0.419820
1.709999	0.157388
1.709999	0.040380
1.709999	0.007910
1.709999	0.001254
1.709999	0.000154
1.719999	0.574936
1.719999	0.420690
1.719999	0.158825
1.719999	0.041012
1.719999	0.008085
1.719999	0.001292
1.719999	0.000177
1.729999	0.570725
1.729999	0.421536
1.729999	0.160262
1.729999	0.041649
1.729999	0.008261
1.729999	0.001328
1.729999	0.000180
1.739999	0.566506
1.739999	0.422358
1.739999	0.161698
1.739999	0.042291
1.739999	0.008440
1.739999	0.001362
1.739999	0.000173
1.749999	0.562278
1.749999	0.423156
1.749999	0.163133
1.749999	0.042939
1.749999	0.008621
1.749999	0.001400
1.749999	0.000180
1.759999	0.558043
1.759999	0.423931
1.759999	0.164568
1.759999	0.043591
1.759999	0.008806
1.759999	0.001441
1.759999	0.000197
1.769999	0.553800
1.769999	0.424682
1.769999	0.166001
1.769999	0.044249
1.769999	0.008994
1.769999	0.001481
1.769999	0.000213
1.779999	0.549549
1.779999	0.425410
1.779999	0.167434
1.779999	0.044911
1.779999	0.009183
1.779999	0.001520
1.779999	0.000210
1.789999	0.545292
1.789999	0.426114
1.789999	0.168866
1.789999	0.045579
1.789999	0.009376
1.789999	0.001562
1.789999	0.000223
1.799999	0.541027
1.799999	0.426794
1.799999	0.170296
1.799999	0.046251
1.799999	0.009571
1.799999	0.001603
1.799999	0.000225
1.809999	0.536756
1.809999	0.427450
1.809999	0.171725
1.809999	0.046929
1.809999	0.009769
1.809999	0.001646
1.809999	0.000236
1.819999	0.532478
1.819999	0.428082
1.819999	0.173152
1.819999	0.047612
1.819999	0.009970
1.819999	0.001689
1.819999	0.000238
1.829999	0.528194
1.829999	0.428691
1.829999	0.174578
1.829999	0.048299
1.829999	0.010173
1.829999	0.001734
1.829999	0.000248
1.839999	0.523904
1.839999	0.429276
1.839999	0.176002
1.839999	0.048992
1.839999	0.010380
1.839999	0.001781
1.839999	0.000265
1.849999	0.519609
1.849999	0.429837
1.849999	0.177425
1.849999	0.049689
1.849999	0.010589
1.849999	0.001825
1.849999	0.000265
1.859999	0.515308
1.859999	0.430374
1.859999	0.178845
1.859999	0.050392
1.859999	0.010801
1.859999	0.001872
1.859999	0.000267
1.869999	0.511001
1.869999	0.430888
1.869999	0.180263
1.869999	0.051099
1.869999	0.011016
1.869999	0.001922
1.869999	0.000287
1.879999	0.506690
1.879999	0.431377
1.879999	0.181679
1.879999	0.051811
1.879999	0.011234
1.879999	0.001970
1.879999	0.000294
1.889999	0.502374
1.889999	0.431843
1.889999	0.183092
1.889999	0.052528
1.889999	0.011455
1.889999	0.002019
1.889999	0.000297
1.899999	0.498053
1.899999	0.432285
1.899999	0.184503
1.899999	0.053249
1.899999	0.011679
1.899999	0.002071
1.899999	0.000309
1.909999	0.493728
1.909999	0.432704
1.909999	0.185911
1.909999	0.053976
1.909999	0.011905
1.909999	0.002123
1.909999	0.000321
1.919999	0.489399
1.919999	0.433098
1.919999	0.187317
1.919999	0.054707
1.919999	0.012135
1.919999	0.002175
1.919999	0.000327
1.929999	0.485066
1.929999	0.433469
1.929999	0.188720
1.929999	0.055443
1.929999	0.012367
1.929999	0.002229
1.929999	0.000339
1.939999	0.480730
1.939999	0.433816
1.939999	0.190119
1.939999	0.056183
1.939999	0.012603
1.939999	0.002284
1.939999	0.000348
1.949999	0.476390
1.949999	0.434139
1.949999	0.191516
1.949999	0.056928
1.949999	0.012842
1.949999	0.002341
1.949999	0.000363
1.959999	0.472047
1.959999	0.434438
1.959999	0.192909
1.959999	0.057678
1.959999	0.013083
1.959999	0.002397
1.959999	0.000372
1.969999	0.467702
1.969999	0.434714
1.969999	0.194299
1.969999	0.058432
1.969999	0.013328
1.969999	0.002455
1.969999	0.000382
1.979999	0.463353
1.979999	0.434965
1.979999	0.195686
1.979999	0.059191
1.979999	0.013575
1.979999	0.002514
1.979999	0.000391
1.989999	0.459002
1.989999	0.435193
1.989999	0.197069
1.989999	0.059954
1.989999	0.013826
1.989999	0.002574
1.989999	0.000401
1.999999	0.454649
1.999999	0.435398
1.999999	0.198448
1.999999	0.060722
1.999999	0.014079
1.999999	0.002635
1.999999	0.000414
2.009999	0.450294
2.009999	0.435578
2.009999	0.199823
2.009999	0.061494
2.009999	0.014336
2.009999	0.002697
2.009999	0.000425
2.019999	0.445938
2.019999	0.435735
2.019999	0.201194
2.019999	0.062271
2.019999	0.014596
2.019999	0.002761
2.019999	0.000439
2.029999	0.441580
2.029999	0.435869
2.029999	0.202562
2.029999	0.063052
2.029999	0.014859
2.029999	0.002826
2.029999	0.000453
2.039999	0.437221
2.039999	0.435978
2.039999	0.203925
2.039999	0.063837
2.039999	0.015125
2.039999	0.002891
2.039999	0.000464
2.049999	0.432860
2.049999	0.436065
2.049999	0.205283
2.049999	0.064627
2.049999	0.015394
2.049999	0.002957
2.049999	0.000471
2.059999	0.428499
2.059999	0.436127
2.059999	0.206638
2.059999	0.065421
2.059999	0.015667
2.059999	0.003026
2.059999	0.000490
2.069999	0.424138
2.069999	0.436166
2.069999	0.207987
2.069999	0.066219
2.069999	0.015942
2.069999	0.003094
2.069999	0.000500
2.079998	0.419776
2.079998	0.436182
2.079998	0.209332
2.079998	0.067022
2.079998	0.016221
2.079998	0.003166
2.079998	0.000520
2.089998	0.415414
2.089998	0.436173
2.089998	0.210672
2.089998	0.067828
2.089998	0.016503
2.089998	0.003237
2.089998	0.000534
2.099998	0.411053
2.099998	0.436142
2.099998	0.212008
2.099998	0.068639
2.099998	0.016788
2.099998	0.003310
2.099998	0.000549
2.109998	0.406692
2.109998	0.436087
2.109998	0.213338
2.109998	0.069453
2.109998	0.017076
2.109998	0.003383
2.109998	0.000561
2.119998	0.402331
2.119998	0.436009
2.119998	0.214663
2.119998	0.070272
2.119998	0.017368
2.119998	0.003459
2.119998	0.000578
2.129998	0.397971
2.129998	0.435907
2.129998	0.215983
2.129998	0.071095
2.129998	0.017662
2.129998	0.003535
2.129998	0.000594
2.139998	0.393613
2.139998	0.435782
2.139998	0.217297
2.139998	0.071921
2.139998	0.017960
2.139998	0.003612
2.139998	0.000608
2.149998	0.389256
2.149998	0.435634
2.149998	0.218606
2.149998	0.072752
2.149998	0.018261
2.149998	0.003691
2.149998	0.000624
2.159998	0.384900
2.159998	0.435462
2.159998	0.219909
2.159998	0.073586
2.159998	0.018566
2.159998	0.003771
2.159998	0.000640
2.169998	0.380547
2.169998	0.435268
2.169998	0.221206
2.169998	0.074425
2.169998	0.018874
2.169998	0.003853
2.169998	0.000658
2.179998	0.376195
2.179998	0.435050
2.179998	0.222498
2.179998	0.075267
2.179998	0.019185
2.179998	0.003936
2.179998	0.000677
2.189998	0.371846
2.189998	0.434809
2.189998	0.223784
2.189998	0.076113
2.189998	0.019499
2.189998	0.004020
2.189998	0.000693
2.199998	0.367499
2.199998	0.434545
2.199998	0.225063
2.199998	0.076962
2.199998	0.019816
2.199998	0.004105
2.199998	0.000710
2.209998	0.363155
2.209998	0.434258
2.209998	0.226336
2.209998	0.077815
2.209998	0.020137
2.209998	0.004193
2.209998	0.000731
2.219998	0.358814
2.219998	0.433948
2.219998	0.227603
2.219998	0.078672
2.219998	0.020462
2.219998	0.004280
2.219998	0.000748
2.229998	0.354476
2.229998	0.433616
2.229998	0.228864
2.229998	0.079532
2.229998	0.020789
2.229998	0.004371
2.229998	0.000769
2.239998	0.350142
2.239998	0.433260
2.239998	0.230118
2.239998	0.080396
2.239998	0.021120
2.239998	0.004461
2.239998	0.000789
2.249998	0.345811
2.249998	0.432882
2.249998	0.231365
2.249998	0.081263
2.249998	0.021454
2.249998	0.004554
2.249998	0.000809
2.259998	0.341484
2.259998	0.432481
2.259998	0.232606
2.259998	0.082134
2.259998	0.021792
2.259998	0.004647
2.259998	0.000828
2.269998	0.337162
2.269998	0.432057
2.269998	0.233839
2.269998	0.083008
2.269998	0.022133
2.269998	0.004743
2.269998	0.000851
2.279998	0.332843
2.279998	0.431611
2.279998	0.235066
2.279998	0.083885
2.279998	0.022477
2.279998	0.004840
2.279998	0.000873
2.289998	0.328529
2.289998	0.431142
2.289998	0.236286
2.289998	0.084766
2.289998	0.022825
2.289998	0.004938
2.289998	0.000896
2.299998	0.324220
2.299998	0.430650
2.299998	0.237498
2.299998	0.085650
2.299998	0.023176
2.299998	0.005038
2.299998	0.000918
2.309998	0.319916
2.309998	0.430137
2.309998	0.238703
2.309998	0.086537
2.309998	0.023530
2.309998	0.005138
2.309998	0.000938
2.319998	0.315618
2.319998	0.429600
2.319998	0.239901
2.319998	0.087427
2.319998	0.023888
2.319998	0.005241
2.319998	0.000963
2.329998	0.311325
2.329998	0.429042
2.329998	0.241091
2.329998	0.088320
2.329998	0.024249
2.329998	0.005346
2.329998	0.000988
2.339998	0.307037
2.339998	0.428461
2.339998	0.242273
2.339998	0.089216
2.339998	0.024613
2.339998	0.005451
2.339998	0.001010
2.349998	0.302755
2.349998	0.427859
2.349998	0.243448
2.349998	0.090115
2.349998	0.024981
2.349998	0.005558
2.349998	0.001034
2.359998	0.298480
2.359998	0.427234
2.359998	0.244614
2.359998	0.091017
2.359998	0.025353
2.359998	0.005667
2.359998	0.001061
2.369998	0.294211
2.369998	0.426587
2.369998	0.245773
2.369998	0.091922
2.369998	0.025727
2.369998	0.005777
2.369998	0.001084
2.379998	0.289948
2.379998	0.425918
2.379998	0.246924
2.379998	0.092830
2.379998	0.026106
2.379998	0.005889
2.379998	0.001113
2.389998	0.285692
2.389998	0.425228
2.389998	0.248067
2.389998	0.093740
2.389998	0.026487
2.389998	0.006002
2.389998	0.001138
2.399998	0.281444
2.399998	0.424515
2.399998	0.249201
2.399998	0.094654
2.399998	0.026872
2.399998	0.006117
2.399998	0.001164
2.409998	0.277202
2.409998	0.423781
2.409998	0.250327
2.409998	0.095569
2.409998	0.027261
2.409998	0.006234
2.409998	0.001194
2.419998	0.272968
2.419998	0.423026
2.419998	0.251444
2.419998	0.096488
2.419998	0.027653
2.419998	0.006352
2.419998	0.001222
2.429998	0.268742
2.429998	0.422249
2.429998	0.252553
2.429998	0.097409
2.429998	0.028048
2.429998	0.006472
2.429998	0.001250
2.439998	0.264523
2.439998	0.421450
2.439998	0.253653
2.439998	0.098332
2.439998	0.028446
2.439998	0.006593
2.439998	0.001277
2.449998	0.260313
2.449998	0.420630
2.449998	0.254745
2.449998	0.099258
2.449998	0.028848
2.449998	0.006716
2.449998	0.001306
2.459998	0.256111
2.459998	0.419789
2.459998	0.255827
2.459998	0.100186
2.459998	0.029254
2.459998	0.006841
2.459998	0.001338
2.469998	0.251917
2.469998	0.418927
2.469998	0.256901
2.469998	0.101116
2.469998	0.029663
2.469998	0.006968
2.469998	0.001367
2.479998	0.247732
2.479998	0.418043
2.479998	0.257965
2.479998	0.102049
2.479998	0.030075
2.479998	0.007096
2.479998	0.001399
2.489998	0.243556
2.489998	0.417139
2.489998	0.259021
2.489998	0.102983
2.489998	0.030491
2.489998	0.007226
2.489998	0.001429
2.499998	0.239390
2.499998	0.416213
2.499998	0.260067
2.499998	0.103920
2.499998	0.030910
2.499998	0.007357
2.499998	0.001462
2.509998	0.235232
2.509998	0.415267
2.509998	0.261103
2.509998	0.104859
2.509998	0.031333
2.509998	0.007491
2.509998	0.001496
2.519998	0.231084
2.519998	0.414300
2.519998	0.262130
2.519998	0.105800
2.519998	0.031759
2.519998	0.007626
2.519998	0.001528
2.529998	0.226946
2.529998	0.413312
2.529998	0.263148
2.529998	0.106743
2.529998	0.032189
2.529998	0.007763
2.529998	0.001563
2.539998	0.222818
2.539998	0.412304
2.539998	0.264156
2.539998	0.107688
2.539998	0.032622
2.539998	0.007902
2.539998	0.001598
2.549998	0.218700
2.549998	0.411276
2.549998	0.265154
2.549998	0.108634
2.549998	0.033058
2.549998	0.008042
2.549998	0.001633
2.559998	0.214593
2.559998	0.410227
2.559998	0.266142
2.559998	0.109583
2.559998	0.033498
2.559998	0.008184
2.559998	0.001669
2.569998	0.210496
2.569998	0.409158
2.569998	0.267121
2.569998	0.110533
2.569998	0.033941
2.569998	0.008329
2.569998	0.001706
2.579998	0.206410
2.579998	0.408069
2.579998	0.268089
2.579998	0.111484
2.579998	0.034388
2.579998	0.008475
2.579998	0.001744
2.589998	0.202335
2.589998	0.406960
2.589998	0.269048
2.589998	0.112438
2.589998	0.034838
2.589998	0.008622
2.589998	0.001780
2.599998	0.198271
2.599998	0.405830
2.599998	0.269996
2.599998	0.113392
2.599998	0.035292
2.599998	0.008772
2.599998	0.001819
2.609998	0.194218
2.609998	0.404681
2.609998	0.270933
2.609998	0.114349
2.609998	0.035749
2.609998	0.008923
2.609998	0.001858
2.619998	0.190177
2.619998	0.403513
2.619998	0.271861
2.619998	0.115306
2.619998	0.036209
2.619998	0.009076
2.619998	0.001898
2.629998	0.186148
2.629998	0.402325
2.629998	0.272778
2.629998	0.116265
2.629998	0.036673
2.629998	0.009232
2.629998	0.001938
2.639998	0.182131
2.639998	0.401117
2.639998	0.273684
2.639998	0.117225
2.639998	0.037140
2.639998	0.009389
2.639998	0.001980
2.649998	0.178126
2.649998	0.399890
2.649998	0.274580
2.649998	0.118186
2.649998	0.037611
2.649998	0.009548
2.649998	0.002021
2.659998	0.174133
2.659998	0.398643
2.659998	0.275465
2.659998	0.119149
2.659998	0.038084
2.659998	0.009708
2.659998	0.002063
2.669998	0.170153
2.669998	0.397378
2.669998	0.276339
2.669998	0.120112
2.669998	0.038562
2.669998	0.009871
2.669998	0.002107
2.679998	0.166185
2.679998	0.396093
2.679998	0.277203
2.679998	0.121077
2.679998	0.039042
2.679998	0.010036
2.679998	0.002150
2.689998	0.162231
2.689998	0.394790
2.689998	0.278055
2.689998	0.122042
2.689998	0.039527
2.689998	0.010203
2.689998	0.002196
2.699998	0.158290
2.699998	0.393467
2.699998	0.278897
2.699998	0.123008
2.699998	0.040014
2.699998	0.010371
2.699998	0.002240
2.709998	0.154362
2.709998	0.392126
2.709998	0.279727
2.709998	0.123975
2.709998	0.040505
2.709998	0.010542
2.709998	0.002287
2.719998	0.150447
2.719998	0.390767
2.719998	0.280546
2.719998	0.124943
2.719998	0.040999
2.719998	0.010715
2.719998	0.002332
2.729998	0.146546
2.729998	0.389389
2.729998	0.281354
2.729998	0.125911
2.729998	0.041496
2.729998	0.010889
2.729998	0.002380
2.739998	0.142660
2.739998	0.387992
2.739998	0.282150
2.739998	0.126880
2.739998	0.041997
2.739998	0.011066
2.739998	0.002429
2.749998	0.138787
2.749998	0.386578
2.749998	0.282935
2.749998	0.127850
2.749998	0.042501
2.749998	0.011245
2.749998	0.002478
2.759998	0.134928
2.759998	0.385145
2.759998	0.283708
2.759998	0.128820
2.759998	0.043008
2.759998	0.011425
2.759998	0.002528
2.769998	0.131084
2.769998	0.383695
2.769998	0.284470
2.769998	0.129790
2.769998	0.043519
2.769998	0.011608
2.769998	0.002578
2.779998	0.127254
2.779998	0.382226
2.779998	0.285220
2.779998	0.130761
2.779998	0.044033
2.779998	0.011793
2.779998	0.002629
2.789998	0.123439
2.789998	0.380740
2.789998	0.285959
2.789998	0.131731
2.789998	0.044550
2.789998	0.011980
2.789998	0.002682
2.799998	0.119639
2.799998	0.379236
2.799998	0.286686
2.799998	0.132703
2.799998	0.045071
2.799998	0.012169
2.799998	0.002735
2.809998	0.115855
2.809998	0.377715
2.809998	0.287400
2.809998	0.133674
2.809998	0.045595
2.809998	0.012360
2.809998	0.002789
2.819998	0.112085
2.819998	0.376177
2.819998	0.288103
2.819998	0.134645
2.819998	0.046122
2.819998	0.012553
2.819998	0.002843
2.829998	0.108331
2.829998	0.374621
2.829998	0.288794
2.829998	0.135616
2.829998	0.046652
2.829998	0.012748
2.829998	0.002898
2.839998	0.104593
2.839998	0.373048
2.839998	0.289473
2.839998	0.136587
2.839998	0.047186
2.839998	0.012945
2.839998	0.002955
2.849998	0.100870
2.849998	0.371459
2.849998	0.290139
2.849998	0.137558
2.849998	0.047722
2.849998	0.013145
2.849998	0.003011
2.859998	0.097164
2.859998	0.369852
2.859998	0.290794
2.859998	0.138529
2.859998	0.048262
2.859998	0.013346
2.859998	0.003070
2.869998	0.093473
2.869998	0.368229
2.869998	0.291436
2.869998	0.139499
2.869998	0.048806
2.869998	0.013550
2.869998	0.003128
2.879998	0.089799
2.879998	0.366590
2.879998	0.292066
2.879998	0.140469
2.879998	0.049352
2.879998	0.013756
2.879998	0.003188
2.889998	0.086142
2.889998	0.364934
2.889998	0.292683
2.889998	0.141438
2.889998	0.049901
2.889998	0.013964
2.889998	0.003248
2.899998	0.082501
2.899998	0.363262
2.899998	0.293288
2.899998	0.142407
2.899998	0.050454
2.899998	0.014174
2.899998	0.003310
2.909998	0.078876
2.909998	0.361573
2.909998	0.293880
2.909998	0.143375
2.909998	0.051010
2.909998	0.014386
2.909998	0.003372
2.919998	0.075269
2.919998	0.359869
2.919998	0.294460
2.919998	0.144343
2.919998	0.051568
2.919998	0.014601
2.919998	0.003435
2.929998	0.071679
2.929998	0.358149
2.929998	0.295027
2.929998	0.145310
2.929998	0.052130
2.929998	0.014818
2.929998	0.003499
2.939998	0.068106
2.939998	0.356413
2.939998	0.295581
2.939998	0.146276
2.939998	0.052695
2.939998	0.015037
2.939998	0.003564
2.949998	0.064551
2.949998	0.354662
2.949998	0.296123
2.949998	0.147241
2.949998	0.053264
2.949998	0.015258
2.949998	0.003630
2.959998	0.061013
2.959998	0.352896
2.959998	0.296652
2.959998	0.148206
2.959998	0.053835
2.959998	0.015481
2.959998	0.003697
2.969998	0.057493
2.969998	0.351114
2.969998	0.297168
2.969998	0.149169
2.969998	0.054409
2.969998	0.015707
2.969998	0.003765
2.979998	0.053991
2.979998	0.349317
2.979998	0.297670
2.979998	0.150131
2.979998	0.054986
2.979998	0.015935
2.979998	0.003834
2.989998	0.050507
2.989998	0.347505
2.989998	0.298160
2.989998	0.151092
2.989998	0.055566
2.989998	0.016165
2.989998	0.003904
2.999998	0.047041
2.999998	0.345678
2.999998	0.298637
2.999998	0.152051
2.999998	0.056150
2.999998	0.016397
2.999998	0.003974
3.009998	0.043593
3.009998	0.343837
3.009998	0.299101
3.009998	0.153010
3.009998	0.056736
3.009998	0.016632
3.009998	0.004046
3.019998	0.040164
3.019998	0.341981
3.019998	0.299552
3.019998	0.153967
3.019998	0.057325
3.019998	0.016869
3.019998	0.004119
3.029998	0.036754
3.029998	0.340110
3.029998	0.299989
3.029998	0.154922
3.029998	0.057917
3.029998	0.017108
3.029998	0.004193
3.039998	0.033362
3.039998	0.338226
3.039998	0.300414
3.039998	0.155876
3.039998	0.058512
3.039998	0.017350
3.039998	0.004267
3.049998	0.029989
3.049998	0.336327
3.049998	0.300825
3.049998	0.156828
3.049998	0.059110
3.049998	0.017594
3.049998	0.004343
3.059998	0.026636
3.059998	0.334415
3.059998	0.301222
3.059998	0.157779
3.059998	0.059710
3.059998	0.017840
3.059998	0.004420
3.069998	0.023301
3.069998	0.332489
3.069998	0.301607
3.069998	0.158728
3.069998	0.060314
3.069998	0.018088
3.069998	0.004498
3.079998	0.019986
3.079998	0.330549
3.079998	0.301978
3.079998	0.159675
3.079998	0.060920
3.079998	0.018339
3.079998	0.004576
3.089998	0.016690
3.089998	0.328596
3.089998	0.302335
3.089998	0.160620
3.089998	0.061529
3.089998	0.018592
3.089998	0.004656
3.099998	0.013414
3.099998	0.326629
3.099998	0.302679
3.099998	0.161563
3.099998	0.062141
3.099998	0.018848
3.099998	0.004737
3.109998	0.010158
3.109998	0.324649
3.109998	0.303009
3.109998	0.162504
3.109998	0.062756
3.109998	0.019105
3.109998	0.004819
3.119998	0.006921
3.119998	0.322657
3.119998	0.303326
3.119998	0.163443
3.119998	0.063374
3.119998	0.019366
3.119998	0.004902
3.129997	0.003704
3.129997	0.320651
3.129997	0.303629
3.129997	0.164380
3.129997	0.063994
3.129997	0.019628
3.129997	0.004987
3.139997	0.000508
3.139997	0.318633
3.139997	0.303919
3.139997	0.165314
3.139997	0.064617
3.139997	0.019893
3.139997	0.005072
3.149997	-0.002668
3.149997	0.316602
3.149997	0.304194
3.149997	0.166246
3.149997	0.065242
3.149997	0.020160
3.149997	0.005158
3.159997	-0.005824
3.159997	0.314559
3.159997	0.304456
3.159997	0.167176
3.159997	0.065870
3.159997	0.020430
3.159997	0.005246
3.169997	-0.008959
3.169997	0.312504
3.169997	0.304705
3.169997	0.168103
3.169997	0.066501
3.169997	0.020702
3.169997	0.005334
3.179997	-0.012074
3.179997	0.310437
3.179997	0.304939
3.179997	0.169028
3.179997	0.067135
3.179997	0.020976
3.179997	0.005425
3.189997	-0.015168
3.189997	0.308358
3.189997	0.305160
3.189997	0.169950
3.189997	0.067771
3.189997	0.021253
3.189997	0.005515
3.199997	-0.018241
3.199997	0.306267
3.199997	0.305367
3.199997	0.170869
3.199997	0.068409
3.199997	0.021532
3.199997	0.005608
3.209997	-0.021293
3.209997	0.304165
3.209997	0.305560
3.209997	0.171785
3.209997	0.069050
3.209997	0.021814
3.209997	0.005701
3.219997	-0.024324
3.219997	0.302051
3.219997	0.305739
3.219997	0.172699
3.219997	0.069694
3.219997	0.022098
3.219997	0.005795
3.229997	-0.027334
3.229997	0.299926
3.229997	0.305904
3.229997	0.173609
3.229997	0.070340
3.229997	0.022384
3.229997	0.005891
3.239997	-0.030323
3.239997	0.297790
3.239997	0.306055
3.239997	0.174517
3.239997	0.070988
3.239997	0.022673
3.239997	0.005987
3.249997	-0.033290
3.249997	0.295643
3.249997	0.306192
3.249997	0.175421
3.249997	0.071639
3.249997	0.022964
3.249997	0.006085
3.259997	-0.036236
3.259997	0.293486
3.259997	0.306315
3.259997	0.176323
3.259997	0.072292
3.259997	0.023258
3.259997	0.006185
3.269997	-0.039160
3.269997	0.291318
3.269997	0.306424
3.269997	0.177221
3.269997	0.072948
3.269997	0.023554
3.269997	0.006285
3.279997	-0.042062
3.279997	0.289139
3.279997	0.306519
3.279997	0.178115
3.279997	0.073606
3.279997	0.023852
3.279997	0.006387
3.289997	-0.044942
3.289997	0.286950
3.289997	0.306599
3.289997	0.179007
3.289997	0.074266
3.289997	0.024153
3.289997	0.006490
3.299997	-0.047801
3.299997	0.284752
3.299997	0.306666
3.299997	0.179895
3.299997	0.074929
3.299997	0.024457
3.299997	0.006593
3.309997	-0.050637
3.309997	0.282543
3.309997	0.306719
3.309997	0.180779
3.309997	0.075594
3.309997	0.024763
3.309997	0.006699
3.319997	-0.053452
3.319997	0.280324
3.319997	0.306757
3.319997	0.181660
3.319997	0.076261
3.319997	0.025071
3.319997	0.006806
3.329997	-0.056244
3.329997	0.278096
3.329997	0.306781
3.329997	0.182537
3.329997	0.076930
3.329997	0.025382
3.329997	0.006913
3.339997	-0.059014
3.339997	0.275859
3.339997	0.306792
3.339997	0.183410
3.339997	0.077601
3.339997	0.025695
3.339997	0.007023
3.349997	-0.061761
3.349997	0.273613
3.349997	0.306787
3.349997	0.184279
3.349997	0.078274
3.349997	0.026010
3.349997	0.007133
3.359997	-0.064486
3.359997	0.271357
3.359997	0.306769
3.359997	0.185145
3.359997	0.078950
3.359997	0.026328
3.359997	0.007244
3.369997	-0.067188
3.369997	0.269092
3.369997	0.306736
3.369997	0.186007
3.369997	0.079628
3.369997	0.026649
3.369997	0.007357
3.379997	-0.069868
3.379997	0.266819
3.379997	0.306690
3.379997	0.186864
3.379997	0.080307
3.379997	0.026972
3.379997	0.007472
3.389997	-0.072524
3.389997	0.264538
3.389997	0.306629
3.389997	0.187718
3.389997	0.080989
3.389997	0.027298
3.389997	0.007587
3.399997	-0.075158
3.399997	0.262247
3.399997	0.306553
3.399997	0.188567
3.399997	0.081673
3.399997	0.027626
3.399997	0.007705
3.409997	-0.077769
3.409997	0.259949
3.409997	0.306464
3.409997	0.189412
3.409997	0.082358
3.409997	0.027956
3.409997	0.007823
3.419997	-0.080357
3.419997	0.257643
3.419997	0.306360
3.419997	0.190252
3.419997	0.083046
3.419997	0.028289
3.419997	0.007942
3.429997	-0.082922
3.429997	0.255329
3.429997	0.306242
3.429997	0.191089
3.429997	0.083735
3.429997	0.028624
3.429997	0.008063
3.439997	-0.085464
3.439997	0.253007
3.439997	0.306110
3.439997	0.191920
3.439997	0.084426
3.439997	0.028962
3.439997	0.008186
3.449997	-0.087982
3.449997	0.250678
3.449997	0.305963
3.449997	0.192747
3.449997	0.085119
3.449997	0.029303
3.449997	0.008309
3.459997	-0.090477
3.459997	0.248341
3.459997	0.305802
3.459997	0.193570
3.459997	0.085814
3.459997	0.029645
3.459997	0.008435
3.469997	-0.092949
3.469997	0.245997
3.469997	0.305627
3.469997	0.194388
3.469997	0.086510
3.469997	0.029991
3.469997	0.008561
3.479997	-0.095397
3.479997	0.243646
3.479997	0.305437
3.479997	0.195201
3.479997	0.087209
3.479997	0.030339
3.479997	0.008689
3.489997	-0.097822
3.489997	0.241289
3.489997	0.305234
3.489997	0.196009
3.489997	0.087908
3.489997	0.030689
3.489997	0.008818
3.499997	-0.100223
3.499997	0.238924
3.499997	0.305016
3.499997	0.196813
3.499997	0.088610
3.499997	0.031041
3.499997	0.008949
3.509997	-0.102600
3.509997	0.236554
3.509997	0.304783
3.509997	0.197611
3.509997	0.089313
3.509997	0.031397
3.509997	0.009081
3.519997	-0.104954
3.519997	0.234177
3.519997	0.304537
3.519997	0.198404
3.519997	0.090017
3.519997	0.031754
3.519997	0.009215
3.529997	-0.107284
3.529997	0.231794
3.529997	0.304276
3.529997	0.199192
3.529997	0.090724
3.529997	0.032114
3.529997	0.009350
3.539997	-0.109590
3.539997	0.229404
3.539997	0.304001
3.539997	0.199975
3.539997	0.091431
3.539997	0.032477
3.539997	0.009486
3.549997	-0.111872
3.549997	0.227010
3.549997	0.303711
3.549997	0.200753
3.549997	0.092140
3.549997	0.032842
3.549997	0.009624
3.559997	-0.114130
3.559997	0.224609
3.559997	0.303408
3.559997	0.201526
3.559997	0.092851
3.559997	0.033210
3.559997	0.009763
3.569997	-0.116364
3.569997	0.222203
3.569997	0.303090
3.569997	0.202293
3.569997	0.093563
3.569997	0.033580
3.569997	0.009904
3.579997	-0.118574
3.579997	0.219792
3.579997	0.302758
3.579997	0.203054
3.579997	0.094276
3.579997	0.033952
3.579997	0.010047
3.589997	-0.120760
3.589997	0.217376
3.589997	0.302412
3.589997	0.203810
3.589997	0.094990
3.589997	0.034327
3.589997	0.010191
3.599997	-0.122922
3.599997	0.214955
3.599997	0.302051
3.599997	0.204561
3.599997	0.095706
3.599997	0.034705
3.599997	0.010336
3.609997	-0.125059
3.609997	0.212529
3.609997	0.301677
3.609997	0.205305
3.609997	0.096423
3.609997	0.035085
3.609997	0.010483
3.619997	-0.127172
3.619997	0.210099
3.619997	0.301288
3.619997	0.206044
3.619997	0.097141
3.619997	0.035467
3.619997	0.010631
3.629997	-0.129261
3.629997	0.207665
3.629997	0.300885
3.629997	0.206778
3.629997	0.097860
3.629997	0.035852
3.629997	0.010781
3.639997	-0.131326
3.639997	0.205226
3.639997	0.300468
3.639997	0.207505
3.639997	0.098581
3.639997	0.036239
3.639997	0.010932
3.649997	-0.133366
3.649997	0.202783
3.649997	0.300037
3.649997	0.208227
3.649997	0.099302
3.649997	0.036629
3.649997	0.011085
3.659997	-0.135381
3.659997	0.200336
3.659997	0.299591
3.659997	0.208942
3.659997	0.100025
3.659997	0.037021
3.659997	0.011240
3.669997	-0.137372
3.669997	0.197886
3.669997	0.299132
3.669997	0.209651
3.669997	0.100748
3.669997	0.037415
3.669997	0.011396
3.679997	-0.139339
3.679997	0.195432
3.679997	0.298659
3.679997	0.210354
3.679997	0.101473
3.679997	0.037812
3.679997	0.011553
3.689997	-0.141281
3.689997	0.192975
3.689997	0.298171
3.689997	0.211051
3.689997	0.102198
3.689997	0.038212
3.689997	0.011712
3.699997	-0.143198
3.699997	0.190515
3.699997	0.297670
3.699997	0.211742
3.699997	0.102924
3.699997	0.038614
3.699997	0.011873
3.709997	-0.145091
3.709997	0.188051
3.709997	0.297154
3.709997	0.212427
3.709997	0.103651
3.709997	0.039018
3.709997	0.012036
3.719997	-0.146959
3.719997	0.185585
3.719997	0.296625
3.719997	0.213105
3.719997	0.104379
3.719997	0.039425
3.719997	0.012199
3.729997	-0.148803
3.729997	0.183117
3.729997	0.296082
3.729997	0.213776
3.729997	0.105107
3.729997	0.039834
3.729997	0.012365
3.739997	-0.150622
3.739997	0.180646
3.739997	0.295525
3.739997	0.214441
3.739997	0.105836
3.739997	0.040245
3.739997	0.012532
3.749997	-0.152416
3.749997	0.178172
3.749997	0.294954
3.749997	0.215100
3.749997	0.106566
3.749997	0.040659
3.749997	0.012701
3.759997	-0.154185
3.759997	0.175697
3.759997	0.294369
3.759997	0.215751
3.759997	0.107296
3.759997	0.041075
3.759997	0.012871
3.769997	-0.155930
3.769997	0.173219
3.769997	0.293770
3.769997	0.216397
3.769997	0.108027
3.769997	0.041494
3.769997	0.013043
3.779997	-0.157650
3.779997	0.170740
3.779997	0.293158
3.779997	0.217035
3.779997	0.108759
3.779997	0.041915
3.779997	0.013217
3.789997	-0.159345
3.789997	0.168260
3.789997	0.292532
3.789997	0.217666
3.789997	0.109491
3.789997	0.042339
3.789997	0.013392
3.799997	-0.161015
3.799997	0.165778
3.799997	0.291892
3.799997	0.218291
3.799997	0.110223
3.799997	0.042764
3.799997	0.013569
3.809997	-0.162660
3.809997	0.163295
3.809997	0.291239
3.809997	0.218909
3.809997	0.110956
3.809997	0.043193
3.809997	0.013747
3.819997	-0.164281
3.819997	0.160810
3.819997	0.290571
3.819997	0.219519
3.819997	0.111689
3.819997	0.043623
3.819997	0.013927
3.829997	-0.165876
3.829997	0.158325
3.829997	0.289891
3.829997	0.220123
3.829997	0.112423
3.829997	0.044056
3.829997	0.014109
3.839997	-0.167447
3.839997	0.155839
3.839997	0.289197
3.839997	0.220719
3.839997	0.113156
3.839997	0.044491
3.839997	0.014293
3.849997	-0.168993
3.849997	0.153353
3.849997	0.288489
3.849997	0.221308
3.849997	0.113890
3.849997	0.044929
3.849997	0.014478
3.859997	-0.170514
3.859997	0.150866
3.859997	0.287768
3.859997	0.221890
3.859997	0.114624
3.859997	0.045369
3.859997	0.014665
3.869997	-0.172010
3.869997	0.148379
3.869997	0.287033
3.869997	0.222465
3.869997	0.115358
3.869997	0.045811
3.869997	0.014853
3.879997	-0.173482
3.879997	0.145892
3.879997	0.286285
3.879997	0.223032
3.879997	0.116093
3.879997	0.046255
3.879997	0.015044
3.889997	-0.174928
3.889997	0.143406
3.889997	0.285524
3.889997	0.223592
3.889997	0.116827
3.889997	0.046702
3.889997	0.015236
3.899997	-0.176350
3.899997	0.140919
3.899997	0.284749
3.899997	0.224144
3.899997	0.117561
3.899997	0.047151
3.899997	0.015429
3.909997	-0.177747
3.909997	0.138433
3.909997	0.283962
3.909997	0.224689
3.909997	0.118296
3.909997	0.047603
3.909997	0.015625
3.919997	-0.179119
3.919997	0.135948
3.919997	0.283161
3.919997	0.225226
3.919997	0.119030
3.919997	0.048056
3.919997	0.015822
3.929997	-0.180466
3.929997	0.133464
3.929997	0.282346
3.929997	0.225756
3.929997	0.119764
3.929997	0.048512
3.929997	0.016021
3.939997	-0.181788
3.939997	0.130981
3.939997	0.281519
3.939997	0.226278
3.939997	0.120497
3.939997	0.048970
3.939997	0.016222
3.949997	-0.183085
3.949997	0.128498
3.949997	0.280679
3.949997	0.226792
3.949997	0.121231
3.949997	0.049431
3.949997	0.016424
3.959997	-0.184358
3.959997	0.126018
3.959997	0.279826
3.959997	0.227298
3.959997	0.121964
3.959997	0.049893
3.959997	0.016628
3.969997	-0.185606
3.969997	0.123538
3.969997	0.278960
3.969997	0.227796
3.969997	0.122697
3.969997	0.050358
3.969997	0.016834
3.979997	-0.186829
3.979997	0.121061
3.979997	0.278081
3.979997	0.228287
3.979997	0.123429
3.979997	0.050825
3.979997	0.017041
3.989997	-0.188027
3.989997	0.118585
3.989997	0.277189
3.989997	0.228769
3.989997	0.124161
3.989997	0.051294
3.989997	0.017251
3.999997	-0.189200
3.999997	0.116112
3.999997	0.276284
3.999997	0.229244
3.999997	0.124893
3.999997	0.051765
3.999997	0.017462
4.009997	-0.190349
4.009997	0.113640
4.009997	0.275367
4.009997	0.229710
4.009997	0.125624
4.009997	0.052239
4.009997	0.017675
4.019997	-0.191473
4.019997	0.111171
4.019997	0.274437
4.019997	0.230168
4.019997	0.126354
4.019997	0.052715
4.019997	0.017890
4.029997	-0.192573
4.029997	0.108704
4.029997	0.273494
4.029997	0.230618
4.029997	0.127084
4.029997	0.053192
4.029997	0.018106
4.039998	-0.193647
4.039998	0.106241
4.039998	0.272539
4.039998	0.231060
4.039998	0.127813
4.039998	0.053672
4.039998	0.018325
4.049998	-0.194697
4.049998	0.103780
4.049998	0.271571
4.049998	0.231494
4.049998	0.128542
4.049998	0.054154
4.049998	0.018545
4.059998	-0.195723
4.059998	0.101322
4.059998	0.270591
4.059998	0.231919
4.059998	0.129269
4.059998	0.054639
4.059998	0.018767
4.069998	-0.196724
4.069998	0.098867
4.069998	0.269599
4.069998	0.232336
4.069998	0.129996
4.069998	0.055125
4.069998	0.018990
4.079998	-0.197700
4.079998	0.096415
4.079998	0.268594
4.079998	0.232744
4.079998	0.130722
4.079998	0.055613
4.079998	0.019216
4.089999	-0.198652
4.089999	0.093967
4.089999	0.267577
4.089999	0.233144
4.089999	0.131447
4.089999	0.056104
4.089999	0.019443
4.099999	-0.199580
4.099999	0.091523
4.099999	0.266548
4.099999	0.233535
4.099999	0.132171
4.099999	0.056596
4.099999	0.019673
4.109999	-0.200483
4.109999	0.089083
4.109999	0.265507
4.109999	0.233918
4.109999	0.132894
4.109999	0.057091
4.109999	0.019904
4.119999	-0.201361
4.119999	0.086647
4.119999	0.264454
4.119999	0.234292
4.119999	0.133616
4.119999	0.057587
4.119999	0.020136
4.130000	-0.202216
4.130000	0.084214
4.130000	0.263388
4.130000	0.234658
4.130000	0.134337
4.130000	0.058086
4.130000	0.020371
4.140000	-0.203046
4.140000	0.081787
4.140000	0.262311
4.140000	0.235015
4.140000	0.135056
4.140000	0.058586
4.140000	0.020608
4.150000	-0.203852
4.150000	0.079363
4.150000	0.261222
4.150000	0.235363
4.150000	0.135775
4.150000	0.059089
4.150000	0.020846
4.160000	-0.204633
4.160000	0.076944
4.160000	0.260122
4.160000	0.235702
4.160000	0.136492
4.160000	0.059593
4.160000	0.021086
4.170001	-0.205390
4.170001	0.074531
4.170001	0.259010
4.170001	0.236032
4.170001	0.137208
4.170001	0.060100
4.170001	0.021328
4.180001	-0.206124
4.180001	0.072122
4.180001	0.257886
4.180001	0.236354
4.180001	0.137922
4.180001	0.060608
4.180001	0.021572
4.190001	-0.206833
4.190001	0.069718
4.190001	0.256750
4.190001	0.236667
4.190001	0.138635
4.190001	0.061118
4.190001	0.021818
4.200001	-0.207518
4.200001	0.067319
4.200001	0.255603
4.200001	0.236970
4.200001	0.139347
4.200001	0.061630
4.200001	0.022065
4.210001	-0.208179
4.210001	0.064926
4.210001	0.254445
4.210001	0.237265
4.210001	0.140057
4.210001	0.062144
4.210001	0.022315
4.220002	-0.208817
4.220002	0.062539
4.220002	0.253276
4.220002	0.237551
4.220002	0.140765
4.220002	0.062660
4.220002	0.022566
4.230002	-0.209430
4.230002	0.060157
4.230002	0.252095
4.230002	0.237827
4.230002	0.141472
4.230002	0.063178
4.230002	0.022819
4.240002	-0.210020
4.240002	0.057781
4.240002	0.250903
4.240002	0.238095
4.240002	0.142178
4.240002	0.063697
4.240002	0.023075
4.250002	-0.210586
4.250002	0.055412
4.250002	0.249700
4.250002	0.238353
4.250002	0.142881
4.250002	0.064219
4.250002	0.023332
4.260003	-0.211128
4.260003	0.053048
4.260003	0.248486
4.260003	0.238602
4.260003	0.143583
4.260003	0.064742
4.260003	0.023590
4.270003	-0.211647
4.270003	0.050691
4.270003	0.247261
4.270003	0.238842
4.270003	0.144283
4.270003	0.065266
4.270003	0.023851
4.280003	-0.212142
4.280003	0.048340
4.280003	0.246025
4.280003	0.239072
4.280003	0.144981
4.280003	0.065793
4.280003	0.024114
4.290003	-0.212614
4.290003	0.045996
4.290003	0.244779
4.290003	0.239294
4.290003	0.145677
4.290003	0.066321
4.290003	0.024378
4.300004	-0.213062
4.300004	0.043659
4.300004	0.243522
4.300004	0.239506
4.300004	0.146371
4.300004	0.066852
4.300004	0.024645
4.310004	-0.213487
4.310004	0.041329
4.310004	0.242254
4.310004	0.239708
4.310004	0.147063
4.310004	0.067383
4.310004	0.024913
4.320004	-0.213889
4.320004	0.039006
4.320004	0.240976
4.320004	0.239901
4.320004	0.147753
4.320004	0.067917
4.320004	0.025183
4.330004	-0.214267
4.330004	0.036690
4.330004	0.239687
4.330004	0.240085
4.330004	0.148441
4.330004	0.068452
4.330004	0.025455
4.340004	-0.214622
4.340004	0.034381
4.340004	0.238388
4.340004	0.240259
4.340004	0.149126
4.340004	0.068988
4.340004	0.025729
4.350005	-0.214955
4.350005	0.032080
4.350005	0.237079
4.350005	0.240424
4.350005	0.149810
4.350005	0.069527
4.350005	0.026005
4.360005	-0.215264
4.360005	0.029787
4.360005	0.235760
4.360005	0.240579
4.360005	0.150491
4.360005	0.070067
4.360005	0.026283
4.370005	-0.215551
4.370005	0.027502
4.370005	0.234430
4.370005	0.240725
4.370005	0.151170
4.370005	0.070608
4.370005	0.026562
4.380005	-0.215814
4.380005	0.025224
4.380005	0.233091
4.380005	0.240861
4.380005	0.151846
4.380005	0.071151
4.380005	0.026844
4.390006	-0.216055
4.390006	0.022955
4.390006	0.231742
4.390006	0.240988
4.390006	0.152520
4.390006	0.071696
4.390006	0.027127
4.400006	-0.216273
4.400006	0.020694
4.400006	0.230383
4.400006	0.241104
4.400006	0.153192
4.400006	0.072242
4.400006	0.027413
4.410006	-0.216469
4.410006	0.018441
4.410006	0.229014
4.410006	0.241211
4.410006	0.153861
4.410006	0.072789
4.410006	0.027700
4.420006	-0.216642
4.420006	0.016197
4.420006	0.227636
4.420006	0.241309
4.420006	0.154527
4.420006	0.073338
4.420006	0.027989
4.430007	-0.216793
4.430007	0.013962
4.430007	0.226248
4.430007	0.241397
4.430007	0.155191
4.430007	0.073889
4.430007	0.028280
4.440007	-0.216921
4.440007	0.011735
4.440007	0.224851
4.440007	0.241475
4.440007	0.155852
4.440007	0.074441
4.440007	0.028573
4.450007	-0.217028
4.450007	0.009518
4.450007	0.223444
4.450007	0.241543
4.450007	0.156510
4.450007	0.074994
4.450007	0.028868
4.460007	-0.217112
4.460007	0.007309
4.460007	0.222028
4.460007	0.241601
4.460007	0.157166
4.460007	0.075549
4.460007	0.029165
4.470007	-0.217174
4.470007	0.005110
4.470007	0.220603
4.470007	0.241650
4.470007	0.157818
4.470007	0.076105
4.470007	0.029464
4.480008	-0.217214
4.480008	0.002920
4.480008	0.219169
4.480008	0.241688
4.480008	0.158468
4.480008	0.076662
4.480008	0.029764
4.490008	-0.217232
4.490008	0.000739
4.490008	0.217726
4.490008	0.241717
4.490008	0.159115
4.490008	0.077221
4.490008	0.030067
4.500008	-0.217229
4.500008	-0.001431
4.500008	0.216275
4.500008	0.241736
4.500008	0.159759
4.500008	0.077780
4.500008	0.030371
4.510008	-0.217204
4.510008	-0.003592
4.510008	0.214814
4.510008	0.241745
4.510008	0.160399
4.510008	0.078342
4.510008	0.030678
4.520009	-0.217157
4.520009	-0.005744
4.520009	0.213345
4.520009	0.241744
4.520009	0.161037
4.520009	0.078904
4.520009	0.030986
4.530009	-0.217089
4.530009	-0.007885
4.530009	0.211867
4.530009	0.241733
4.530009	0.161671
4.530009	0.079468
4.530009	0.031296
4.540009	-0.216999
4.540009	-0.010016
4.540009	0.210381
4.540009	0.241713
4.540009	0.162303
4.540009	0.080032
4.540009	0.031608
4.550009	-0.216889
4.550009	-0.012137
4.550009	0.208887
4.550009	0.241682
4.550009	0.162931
4.550009	0.080598
4.550009	0.031922
4.560009	-0.216757
4.560009	-0.014247
4.560009	0.207384
4.560009	0.241641
4.560009	0.163556
4.560009	0.081165
4.560009	0.032238
4.570010	-0.216604
4.570010	-0.016347
4.570010	0.205873
4.570010	0.241590
4.570010	0.164177
4.570010	0.081733
4.570010	0.032555
4.580010	-0.216430
4.580010	-0.018436
4.580010	0.204354
4.580010	0.241529
4.580010	0.164795
4.580010	0.082303
4.580010	0.032875
4.590010	-0.216235
4.590010	-0.020514
4.590010	0.202827
4.590010	0.241458
4.590010	0.165409
4.590010	0.082873
4.590010	0.033197
4.600010	-0.216020
4.600010	-0.022582
4.600010	0.201292
4.600010	0.241377
4.600010	0.166020
4.600010	0.083444
4.600010	0.033520
4.610011	-0.215783
4.610011	-0.024639
4.610011	0.199750
4.610011	0.241286
4.610011	0.166628
4.610011	0.084017
4.610011	0.033845
4.620011	-0.215527
4.620011	-0.026684
4.620011	0.198200
4.620011	0.241185
4.620011	0.167232
4.620011	0.084590
4.620011	0.034172
4.630011	-0.215250
4.630011	-0.028718
4.630011	0.196642
4.630011	0.241074
4.630011	0.167832
4.630011	0.085164
4.630011	0.034502
4.640011	-0.214952
4.640011	-0.030741
4.640011	0.195077
4.640011	0.240953
4.640011	0.168428
4.640011	0.085739
4.640011	0.034833
4.650012	-0.214635
4.650012	-0.032752
4.650012	0.193505
4.650012	0.240821
4.650012	0.169021
4.650012	0.086315
4.650012	0.035165
4.660012	-0.214297
4.660012	-0.034752
4.660012	0.191925
4.660012	0.240680
4.660012	0.169610
4.660012	0.086892
4.660012	0.035500
4.670012	-0.213940
4.670012	-0.036740
4.670012	0.190338
4.670012	0.240528
4.670012	0.170195
4.670012	0.087470
4.670012	0.035837
4.680012	-0.213563
4.680012	-0.038716
4.680012	0.188745
4.680012	0.240366
4.680012	0.170776
4.680012	0.088049
4.680012	0.036175
4.690012	-0.213166
4.690012	-0.040680
4.690012	0.187144
4.690012	0.240194
4.690012	0.171353
4.690012	0.088628
4.690012	0.036516
4.700013	-0.212749
4.700013	-0.042632
4.700013	0.185537
4.700013	0.240012
4.700013	0.171926
4.700013	0.089208
4.700013	0.036858
4.710013	-0.212313
4.710013	-0.044572
4.710013	0.183923
4.710013	0.239819
4.710013	0.172495
4.710013	0.089789
4.710013	0.037202
4.720013	-0.211858
4.720013	-0.046500
4.720013	0.182303
4.720013	0.239617
4.720013	0.173060
4.720013	0.090370
4.720013	0.037548
4.730013	-0.211383
4.730013	-0.048416
4.730013	0.180676
4.730013	0.239404
4.730013	0.173621
4.730013	0.090952
4.730013	0.037896
4.740014	-0.210889
4.740014	-0.050319
4.740014	0.179042
4.740014	0.239181
4.740014	0.174178
4.740014	0.091535
4.740014	0.038245
4.750014	-0.210377
4.750014	-0.052209
4.750014	0.177403
4.750014	0.238948
4.750014	0.174730
4.750014	0.092119
4.750014	0.038597
4.760014	-0.209845
4.760014	-0.054086
4.760014	0.175757
4.760014	0.238705
4.760014	0.175278
4.760014	0.092703
4.760014	0.038950
4.770014	-0.209295
4.770014	-0.055951
4.770014	0.174106
4.770014	0.238451
4.770014	0.175822
4.770014	0.093287
4.770014	0.039305
4.780015	-0.208726
4.780015	-0.057803
4.780015	0.172448
4.780015	0.238188
4.780015	0.176361
4.780015	0.093872
4.780015	0.039662
4.790015	-0.208139
4.790015	-0.059642
4.790015	0.170785
4.790015	0.237914
4.790015	0.176896
4.790015	0.094458
4.790015	0.040021
4.800015	-0.207533
4.800015	-0.061468
4.800015	0.169116
4.800015	0.237630
4.800015	0.177427
4.800015	0.095044
4.800015	0.040382
4.810015	-0.206910
4.810015	-0.063281
4.810015	0.167442
4.810015	0.237336
4.810015	0.177952
4.810015	0.095630
4.810015	0.040744
4.820015	-0.206268
4.820015	-0.065080
4.820015	0.165762
4.820015	0.237031
4.820015	0.178474
4.820015	0.096217
4.820015	0.041108
4.830016	-0.205608
4.830016	-0.066866
4.830016	0.164077
4.830016	0.236717
4.830016	0.178990
4.830016	0.096804
4.830016	0.041474
4.840016	-0.204930
4.840016	-0.068638
4.840016	0.162386
4.840016	0.236392
4.840016	0.179502
4.840016	0.097392
4.840016	0.041842
4.850016	-0.204235
4.850016	-0.070397
4.850016	0.160691
4.850016	0.236057
4.850016	0.180009
4.850016	0.097980
4.850016	0.042212
4.860016	-0.203523
4.860016	-0.072143
4.860016	0.158990
4.860016	0.235712
4.860016	0.180512
4.860016	0.098568
4.860016	0.042583
4.870017	-0.202792
4.870017	-0.073874
4.870017	0.157285
4.870017	0.235357
4.870017	0.181009
4.870017	0.099156
4.870017	0.042957
4.880017	-0.202045
4.880017	-0.075592
4.880017	0.155575
4.880017	0.234992
4.880017	0.181502
4.880017	0.099745
4.880017	0.043332
4.890017	-0.201281
4.890017	-0.077295
4.890017	0.153860
4.890017	0.234616
4.890017	0.181990
4.890017	0.100334
4.890017	0.043708
4.900017	-0.200499
4.900017	-0.078985
4.900017	0.152141
4.900017	0.234231
4.900017	0.182473
4.900017	0.100922
4.900017	0.044087
4.910017	-0.199701
4.910017	-0.080661
4.910017	0.150418
4.910017	0.233835
4.910017	0.182951
4.910017	0.101511
4.910017	0.044467
4.920018	-0.198886
4.920018	-0.082322
4.920018	0.148690
4.920018	0.233429
4.920018	0.183423
4.920018	0.102101
4.920018	0.044849
4.930018	-0.198054
4.930018	-0.083969
4.930018	0.146958
4.930018	0.233013
4.930018	0.183891
4.930018	0.102690
4.930018	0.045233
4.940018	-0.197207
4.940018	-0.085602
4.940018	0.145222
4.940018	0.232587
4.940018	0.184354
4.940018	0.103279
4.940018	0.045619
4.950018	-0.196342
4.950018	-0.087220
4.950018	0.143482
4.950018	0.232151
4.950018	0.184811
4.950018	0.103868
4.950018	0.046006
4.960019	-0.195462
4.960019	-0.088824
4.960019	0.141738
4.960019	0.231705
4.960019	0.185263
4.960019	0.104457
4.960019	0.046395
4.970019	-0.194566
4.970019	-0.090413
4.970019	0.139991
4.970019	0.231248
4.970019	0.185710
4.970019	0.105046
4.970019	0.046786
4.980019	-0.193654
4.980019	-0.091988
4.980019	0.138240
4.980019	0.230782
4.980019	0.186152
4.980019	0.105635
4.980019	0.047178
4.990019	-0.192726
4.990019	-0.093547
4.990019	0.136485
4.990019	0.230306
4.990019	0.186588
4.990019	0.106224
4.990019	0.047572
5.000020	-0.191783
5.000020	-0.095092
5.000020	0.134728
5.000020	0.229820
5.000020	0.187018
5.000020	0.106812
5.000020	0.047968
5.010020	-0.190824
5.010020	-0.096622
5.010020	0.132967
5.010020	0.229323
5.010020	0.187444
5.010020	0.107401
5.010020	0.048365
5.020020	-0.189851
5.020020	-0.098138
5.020020	0.131203
5.020020	0.228817
5.020020	0.187864
5.020020	0.107989
5.020020	0.048764
5.030020	-0.188862
5.030020	-0.099638
5.030020	0.129436
5.030020	0.228301
5.030020	0.188278
5.030020	0.108577
5.030020	0.049165
5.040020	-0.187858
5.040020	-0.101122
5.040020	0.127666
5.040020	0.227775
5.040020	0.188687
5.040020	0.109164
5.040020	0.049567
5.050021	-0.186839
5.050021	-0.102592
5.050021	0.125894
5.050021	0.227239
5.050021	0.189090
5.050021	0.109751
5.050021	0.049971
5.060021	-0.185806
5.060021	-0.104047
5.060021	0.124118
5.060021	0.226693
5.060021	0.189487
5.060021	0.110338
5.060021	0.050377
5.070021	-0.184758
5.070021	-0.105486
5.070021	0.122341
5.070021	0.226137
5.070021	0.189879
5.070021	0.110924
5.070021	0.050784
5.080021	-0.183696
5.080021	-0.106910
5.080021	0.120561
5.080021	0.225571
5.080021	0.190265
5.080021	0.111510
5.080021	0.051193
5.090022	-0.182620
5.090022	-0.108318
5.090022	0.118779
5.090022	0.224996
5.090022	0.190645
5.090022	0.112095
5.090022	0.051604
5.100022	-0.181530
5.100022	-0.109711
5.100022	0.116994
5.100022	0.224411
5.100022	0.191019
5.100022	0.112680
5.100022	0.052016
5.110022	-0.180426
5.110022	-0.111088
5.110022	0.115208
5.110022	0.223816
5.110022	0.191388
5.110022	0.113265
5.110022	0.052429
5.120022	-0.179308
5.120022	-0.112450
5.120022	0.113420
5.120022	0.223211
5.120022	0.191750
5.120022	0.113848
5.120022	0.052845
5.130023	-0.178177
5.130023	-0.113796
5.130023	0.111630
5.130023	0.222596
5.130023	0.192107
5.130023	0.114431
5.130023	0.053261
5.140023	-0.177032
5.140023	-0.115126
5.140023	0.109838
5.140023	0.221972
5.140023	0.192457
5.140023	0.115014
5.140023	0.053680
5.150023	-0.175874
5.150023	-0.116441
5.150023	0.108045
5.150023	0.221338
5.150023	0.192802
5.150023	0.115595
5.150023	0.054100
5.160023	-0.174703
5.160023	-0.117739
5.160023	0.106251
5.160023	0.220695
5.160023	0.193140
5.160023	0.116176
5.160023	0.054521
5.170023	-0.173520
5.170023	-0.119022
5.170023	0.104455
5.170023	0.220042
5.170023	0.193473
5.170023	0.116756
5.170023	0.054944
5.180024	-0.172323
5.180024	-0.120289
5.180024	0.102658
5.180024	0.219379
5.180024	0.193799
5.180024	0.117336
5.180024	0.055368
5.190024	-0.171114
5.190024	-0.121540
5.190024	0.100860
5.190024	0.218707
5.190024	0.194119
5.190024	0.117914
5.190024	0.055794
5.200024	-0.169892
5.200024	-0.122774
5.200024	0.099061
5.200024	0.218025
5.200024	0.194433
5.200024	0.118492
5.200024	0.056222
5.210024	-0.168658
5.210024	-0.123993
5.210024	0.097261
5.210024	0.217334
5.210024	0.194740
5.210024	0.119068
5.210024	0.056650
5.220025	-0.167412
5.220025	-0.125196
5.220025	0.095461
5.220025	0.216633
5.220025	0.195042
5.220025	0.119644
5.220025	0.057081
5.230025	-0.166154
5.230025	-0.126382
5.230025	0.093660
5.230025	0.215923
5.230025	0.195337
5.230025	0.120219
5.230025	0.057512
5.240025	-0.164885
5.240025	-0.127552
5.240025	0.091859
5.240025	0.215203
5.240025	0.195625
5.240025	0.120793
5.240025	0.057946
5.250025	-0.163603
5.250025	-0.128706
5.250025	0.090057
5.250025	0.214475
5.250025	0.195907
5.250025	0.121365
5.250025	0.058380
5.260026	-0.162311
5.260026	-0.129844
5.260026	0.088256
5.260026	0.213736
5.260026	0.196183
5.260026	0.121937
5.260026	0.058816
5.270026	-0.161006
5.270026	-0.130965
5.270026	0.086454
5.270026	0.212989
5.270026	0.196452
5.270026	0.122507
5.270026	0.059253
5.280026	-0.159691
5.280026	-0.132070
5.280026	0.084652
5.280026	0.212232
5.280026	0.196715
5.280026	0.123076
5.280026	0.059692
5.290026	-0.158365
5.290026	-0.133158
5.290026	0.082850
5.290026	0.211466
5.290026	0.196971
5.290026	0.123644
5.290026	0.060132
5.300026	-0.157028
5.300026	-0.134230
5.300026	0.081049
5.300026	0.210691
5.300026	0.197221
5.300026	0.124211
5.300026	0.060574
5.310027	-0.155680
5.310027	-0.135286
5.310027	0.079248
5.310027	0.209907
5.310027	0.197464
5.310027	0.124776
5.310027	0.061016
5.320027	-0.154322
5.320027	-0.136325
5.320027	0.077448
5.320027	0.209114
5.320027	0.197701
5.320027	0.125340
5.320027	0.061461
5.330027	-0.152954
5.330027	-0.137347
5.330027	0.075648
5.330027	0.208311
5.330027	0.197930
5.330027	0.125903
5.330027	0.061906
5.340027	-0.151575
5.340027	-0.138353
5.340027	0.073849
5.340027	0.207500
5.340027	0.198153
5.340027	0.126464
5.340027	0.062353
5.350028	-0.150187
5.350028	-0.139343
5.350028	0.072051
5.350028	0.206680
5.350028	0.198370
5.350028	0.127024
5.350028	0.062801
5.360028	-0.148789
5.360028	-0.140315
5.360028	0.070254
5.360028	0.205851
5.360028	0.198579
5.360028	0.127583
5.360028	0.063250
5.370028	-0.147381
5.370028	-0.141271
5.370028	0.068458
5.370028	0.205013
5.370028	0.198782
5.370028	0.128140
5.370028	0.063700
5.380028	-0.145963
5.380028	-0.142211
5.380028	0.066664
5.380028	0.204166
5.380028	0.198978
5.380028	0.128695
5.380028	0.064152
5.390028	-0.144536
5.390028	-0.143133
5.390028	0.064871
5.390028	0.203310
5.390028	0.199167
5.390028	0.129249
5.390028	0.064605
5.400029	-0.143100
5.400029	-0.144039
5.400029	0.063079
5.400029	0.202445
5.400029	0.199349
5.400029	0.129801
5.400029	0.065059
5.410029	-0.141656
5.410029	-0.144928
5.410029	0.061289
5.410029	0.201572
5.410029	0.199524
5.410029	0.130351
5.410029	0.065514
5.420029	-0.140202
5.420029	-0.145801
5.420029	0.059501
5.420029	0.200690
5.420029	0.199692
5.420029	0.130900
5.420029	0.065970
5.430029	-0.138739
5.430029	-0.146656
5.430029	0.057714
5.430029	0.199800
5.430029	0.199853
5.430029	0.131447
5.430029	0.066428
5.440030	-0.137269
5.440030	-0.147495
5.440030	0.055930
5.440030	0.198901
5.440030	0.200008
5.440030	0.131992
5.440030	0.066887
5.450030	-0.135790
5.450030	-0.148317
5.450030	0.054148
5.450030	0.197994
5.450030	0.200155
5.450030	0.132535
5.450030	0.067346
5.460030	-0.134302
5.460030	-0.149122
5.460030	0.052367
5.460030	0.197078
5.460030	0.200295
5.460030	0.133077
5.460030	0.067807
5.470030	-0.132807
5.470030	-0.149911
5.470030	0.050590
5.470030	0.196153
5.470030	0.200428
5.470030	0.133617
5.470030	0.068269
5.480031	-0.131304
5.480031	-0.150682
5.480031	0.048814
5.480031	0.195221
5.480031	0.200554
5.480031	0.134154
5.480031	0.068733
5.490031	-0.129793
5.490031	-0.151437
5.490031	0.047041
5.490031	0.194280
5.490031	0.200673
5.490031	0.134690
5.490031	0.069197
5.500031	-0.128275
5.500031	-0.152175
5.500031	0.045271
5.500031	0.193330
5.500031	0.200784
5.500031	0.135224
5.500031	0.069662
5.510031	-0.126750
5.510031	-0.152896
5.510031	0.043504
5.510031	0.192373
5.510031	0.200889
5.510031	0.135755
5.510031	0.070128
5.520031	-0.125217
5.520031	-0.153600
5.520031	0.041740
5.520031	0.191407
5.520031	0.200986
5.520031	0.136285
5.520031	0.070595
5.530032	-0.123678
5.530032	-0.154287
5.530032	0.039978
5.530032	0.190434
5.530032	0.201076
5.530032	0.136812
5.530032	0.071063
5.540032	-0.122132
5.540032	-0.154958
5.540032	0.038220
5.540032	0.189452
5.540032	0.201158
5.540032	0.137338
5.540032	0.071532
5.550032	-0.120579
5.550032	-0.155611
5.550032	0.036465
5.550032	0.188462
5.550032	0.201234
5.550032	0.137861
5.550032	0.072002
5.560032	-0.119019
5.560032	-0.156248
5.560032	0.034714
5.560032	0.187465
5.560032	0.201302
5.560032	0.138382
5.560032	0.072473
5.570033	-0.117454
5.570033	-0.156867
5.570033	0.032966
5.570033	0.186459
5.570033	0.201363
5.570033	0.138900
5.570033	0.072945
5.580033	-0.115882
5.580033	-0.157470
5.580033	0.031221
5.580033	0.185446
5.580033	0.201416
5.580033	0.139416
5.580033	0.073418
5.590033	-0.114304
5.590033	-0.158056
5.590033	0.029480
5.590033	0.184425
5.590033	0.201462
5.590033	0.139930
5.590033	0.073891
5.600033	-0.112721
5.600033	-0.158625
5.600033	0.027743
5.600033	0.183396
5.600033	0.201500
5.600033	0.140442
5.600033	0.074366
5.610034	-0.111132
5.610034	-0.159178
5.610034	0.026011
5.610034	0.182360
5.610034	0.201532
5.610034	0.140951
5.610034	0.074841
5.620034	-0.109537
5.620034	-0.159713
5.620034	0.024282
5.620034	0.181316
5.620034	0.201555
5.620034	0.141458
5.620034	0.075317
5.630034	-0.107938
5.630034	-0.160232
5.630034	0.022557
5.630034	0.180265
5.630034	0.201572
5.630034	0.141962
5.630034	0.075794
5.640034	-0.106333
5.640034	-0.160734
5.640034	0.020837
5.640034	0.179206
5.640034	0.201580
5.640034	0.142463
5.640034	0.076272
5.650034	-0.104723
5.650034	-0.161218
5.650034	0.019121
5.650034	0.178139
5.650034	0.201582
5.650034	0.142962
5.650034	0.076750
5.660035	-0.103108
5.660035	-0.161687
5.660035	0.017409
5.660035	0.177066
5.660035	0.201575
5.660035	0.143459
5.660035	0.077229
5.670035	-0.101489
5.670035	-0.162138
5.670035	0.015702
5.670035	0.175985
5.670035	0.201562
5.670035	0.143952
5.670035	0.077709
5.680035	-0.099866
5.680035	-0.162573
5.680035	0.014000
5.680035	0.174897
5.680035	0.201540
5.680035	0.144443
5.680035	0.078190
5.690035	-0.098238
5.690035	-0.162990
5.690035	0.012303
5.690035	0.173801
5.690035	0.201511
5.690035	0.144931
5.690035	0.078671
5.700036	-0.096606
5.700036	-0.163392
5.700036	0.010611
5.700036	0.172699
5.700036	0.201475
5.700036	0.145417
5.700036	0.079152
5.710036	-0.094970
5.710036	-0.163776
5.710036	0.008923
5.710036	0.171590
5.710036	0.201431
5.710036	0.145900
5.710036	0.079635
5.720036	-0.093330
5.720036	-0.164144
5.720036	0.007241
5.720036	0.170474
5.720036	0.201379
5.720036	0.146379
5.720036	0.080118
5.730036	-0.091687
5.730036	-0.164495
5.730036	0.005565
5.730036	0.169350
5.730036	0.201319
5.730036	0.146856
5.730036	0.080602
5.740036	-0.090040
5.740036	-0.164829
5.740036	0.003893
5.740036	0.168220
5.740036	0.201252
5.740036	0.147330
5.740036	0.081086
5.750037	-0.088390
5.750037	-0.165147
5.750037	0.002227
5.750037	0.167084
5.750037	0.201178
5.750037	0.147801
5.750037	0.081571
5.760037	-0.086737
5.760037	-0.165448
5.760037	0.000567
5.760037	0.165940
5.760037	0.201095
5.760037	0.148269
5.760037	0.082056
5.770037	-0.085081
5.770037	-0.165733
5.770037	-0.001088
5.770037	0.164790
5.770037	0.201005
5.770037	0.148734
5.770037	0.082542
5.780037	-0.083423
5.780037	-0.166001
5.780037	-0.002737
5.780037	0.163634
5.780037	0.200908
5.780037	0.149196
5.780037	0.083028
5.790038	-0.081761
5.790038	-0.166253
5.790038	-0.004379
5.790038	0.162471
5.790038	0.200802
5.790038	0.149655
5.790038	0.083514
5.800038	-0.080098
5.800038	-0.166488
5.800038	-0.006016
5.800038	0.161301
5.800038	0.200689
5.800038	0.150111
5.800038	0.084002
5.810038	-0.078432
5.810038	-0.166706
5.810038	-0.007647
5.810038	0.160126
5.810038	0.200568
5.810038	0.150563
5.810038	0.084489
5.820038	-0.076763
5.820038	-0.166909
5.820038	-0.009271
5.820038	0.158944
5.820038	0.200439
5.820038	0.151012
5.820038	0.084977
5.830039	-0.075093
5.830039	-0.167094
5.830039	-0.010890
5.830039	0.157755
5.830039	0.200303
5.830039	0.151458
5.830039	0.085465
5.840039	-0.073421
5.840039	-0.167264
5.840039	-0.012501
5.840039	0.156561
5.840039	0.200159
5.840039	0.151901
5.840039	0.085954
5.850039	-0.071748
5.850039	-0.167417
5.850039	-0.014106
5.850039	0.155361
5.850039	0.200007
5.850039	0.152340
5.850039	0.086443
5.860039	-0.070073
5.860039	-0.167554
5.860039	-0.015705
5.860039	0.154154
5.860039	0.199847
5.860039	0.152776
5.860039	0.086932
5.870039	-0.068397
5.870039	-0.167675
5.870039	-0.017297
5.870039	0.152942
5.870039	0.199679
5.870039	0.153209
5.870039	0.087421
5.880040	-0.066720
5.880040	-0.167780
5.880040	-0.018882
5.880040	0.151724
5.880040	0.199504
5.880040	0.153638
5.880040	0.087911
5.890040	-0.065041
5.890040	-0.167868
5.890040	-0.020460
5.890040	0.150500
5.890040	0.199321
5.890040	0.154063
5.890040	0.088401
5.900040	-0.063362
5.900040	-0.167940
5.900040	-0.022031
5.900040	0.149271
5.900040	0.199130
5.900040	0.154485
5.900040	0.088891
5.910040	-0.061682
5.910040	-0.167997
5.910040	-0.023595
5.910040	0.148035
5.910040	0.198931
5.910040	0.154904
5.910040	0.089382
5.920041	-0.060002
5.920041	-0.168037
5.920041	-0.025151
5.920041	0.146795
5.920041	0.198725
5.920041	0.155319
5.920041	0.089872
5.930041	-0.058322
5.930041	-0.168061
5.930041	-0.026700
5.930041	0.145549
5.930041	0.198510
5.930041	0.155730
5.930041	0.090363
5.940041	-0.056641
5.940041	-0.168070
5.940041	-0.028242
5.940041	0.144297
5.940041	0.198288
5.940041	0.156137
5.940041	0.090853
5.950041	-0.054960
5.950041	-0.168063
5.950041	-0.029777
5.950041	0.143040
5.950041	0.198058
5.950041	0.156541
5.950041	0.091344
5.960042	-0.053280
5.960042	-0.168039
5.960042	-0.031303
5.960042	0.141778
5.960042	0.197820
5.960042	0.156942
5.960042	0.091835
5.970042	-0.051599
5.970042	-0.168000
5.970042	-0.032822
5.970042	0.140511
5.970042	0.197575
5.970042	0.157338
5.970042	0.092326
5.980042	-0.049920
5.980042	-0.167946
5.980042	-0.034333
5.980042	0.139239
5.980042	0.197321
5.980042	0.157731
5.980042	0.092817
5.990042	-0.048241
5.990042	-0.167875
5.990042	-0.035837
5.990042	0.137962
5.990042	0.197060
5.990042	0.158119
5.990042	0.093307
6.000042	-0.046562
6.000042	-0.167790
6.000042	-0.037332
6.000042	0.136680
6.000042	0.196791
6.000042	0.158504
6.000042	0.093798
6.010043	-0.044885
6.010043	-0.167688
6.010043	-0.038819
6.010043	0.135393
6.010043	0.196514
6.010043	0.158885
6.010043	0.094289
6.020043	-0.043208
6.020043	-0.167571
6.020043	-0.040298
6.020043	0.134101
6.020043	0.196229
6.020043	0.159262
6.020043	0.094779
6.030043	-0.041533
6.030043	-0.167439
6.030043	-0.041769
6.030043	0.132805
6.030043	0.195936
6.030043	0.159635
6.030043	0.095270
6.040043	-0.039860
6.040043	-0.167291
6.040043	-0.043232
6.040043	0.131504
6.040043	0.195635
6.040043	0.160004
6.040043	0.095760
6.050044	-0.038187
6.050044	-0.167128
6.050044	-0.044685
6.050044	0.130198
6.050044	0.195327
6.050044	0.160369
6.050044	0.096250
6.060044	-0.036517
6.060044	-0.166950
6.060044	-0.046131
6.060044	0.128888
6.060044	0.195011
6.060044	0.160730
6.060044	0.096740
6.070044	-0.034848
6.070044	-0.166757
6.070044	-0.047568
6.070044	0.127574
6.070044	0.194687
6.070044	0.161086
6.070044	0.097230
6.080044	-0.033182
6.080044	-0.166548
6.080044	-0.048996
6.080044	0.126256
6.080044	0.194355
6.080044	0.161439
6.080044	0.097720
6.090044	-0.031517
6.090044	-0.166324
6.090044	-0.050415
6.090044	0.124933
6.090044	0.194015
6.090044	0.161787
6.090044	0.098209
6.100045	-0.029855
6.100045	-0.166086
6.100045	-0.051826
6.100045	0.123606
6.100045	0.193668
6.100045	0.162131
6.100045	0.098698
6.110045	-0.028196
6.110045	-0.165833
6.110045	-0.053227
6.110045	0.122275
6.110045	0.193313
6.110045	0.162471
6.110045	0.099186
6.120045	-0.026539
6.120045	-0.165564
6.120045	-0.054620
6.120045	0.120941
6.120045	0.192949
6.120045	0.162807
6.120045	0.099675
6.130045	-0.024884
6.130045	-0.165281
6.130045	-0.056003
6.130045	0.119602
6.130045	0.192579
6.130045	0.163138
6.130045	0.100162
6.140046	-0.023233
6.140046	-0.164983
6.140046	-0.057377
6.140046	0.118260
6.140046	0.192200
6.140046	0.163465
6.140046	0.100650
6.150046	-0.021585
6.150046	-0.164671
6.150046	-0.058742
6.150046	0.116914
6.150046	0.191814
6.150046	0.163787
6.150046	0.101137
6.160046	-0.019940
6.160046	-0.164344
6.160046	-0.060098
6.160046	0.115564
6.160046	0.191419
6.160046	0.164105
6.160046	0.101623
6.170046	-0.018298
6.170046	-0.164003
6.170046	-0.061444
6.170046	0.114211
6.170046	0.191017
6.170046	0.164419
6.170046	0.102109
6.180047	-0.016659
6.180047	-0.163647
6.180047	-0.062780
6.180047	0.112854
6.180047	0.190608
6.180047	0.164728
6.180047	0.102595
6.190047	-0.015025
6.190047	-0.163277
6.190047	-0.064107
6.190047	0.111494
6.190047	0.190190
6.190047	0.165032
6.190047	0.103080
6.200047	-0.013394
6.200047	-0.162892
6.200047	-0.065424
6.200047	0.110131
6.200047	0.189765
6.200047	0.165332
6.200047	0.103564
6.210047	-0.011767
6.210047	-0.162494
6.210047	-0.066732
6.210047	0.108765
6.210047	0.189332
6.210047	0.165628
6.210047	0.104048
6.220047	-0.010144
6.220047	-0.162081
6.220047	-0.068030
6.220047	0.107395
6.220047	0.188891
6.220047	0.165918
6.220047	0.104531
6.230048	-0.008525
6.230048	-0.161654
6.230048	-0.069317
6.230048	0.106023
6.230048	0.188443
6.230048	0.166204
6.230048	0.105013
6.240048	-0.006911
6.240048	-0.161214
6.240048	-0.070595
6.240048	0.104647
6.240048	0.187987
6.240048	0.166486
6.240048	0.105495
6.250048	-0.005301
6.250048	-0.160759
6.250048	-0.071863
6.250048	0.103269
6.250048	0.187524
6.250048	0.166763
6.250048	0.105976
6.260048	-0.003696
6.260048	-0.160291
6.260048	-0.073120
6.260048	0.101888
6.260048	0.187052
6.260048	0.167034
6.260048	0.106457
6.270049	-0.002095
6.270049	-0.159809
6.270049	-0.074368
6.270049	0.100505
6.270049	0.186573
6.270049	0.167302
6.270049	0.106936
6.280049	-0.000499
6.280049	-0.159313
6.280049	-0.075605
6.280049	0.099119
6.280049	0.186087
6.280049	0.167564
6.280049	0.107415
6.290049	0.001091
6.290049	-0.158804
6.290049	-0.076832
6.290049	0.097730
6.290049	0.185592
6.290049	0.167822
6.290049	0.107893
6.300049	0.002677
6.300049	-0.158281
6.300049	-0.078048
6.300049	0.096339
6.300049	0.185091
6.300049	0.168074
6.300049	0.108370
6.310050	0.004257
6.310050	-0.157746
6.310050	-0.079254
6.310050	0.094946
6.310050	0.184581
6.310050	0.168322
6.310050	0.108846
6.320050	0.005832
6.320050	-0.157196
6.320050	-0.080450
6.320050	0.093550
6.320050	0.184064
6.320050	0.168565
6.320050	0.109321
6.330050	0.007401
6.330050	-0.156634
6.330050	-0.081634
6.330050	0.092152
6.330050	0.183540
6.330050	0.168803
6.330050	0.109796
6.340050	0.008964
6.340050	-0.156059
6.340050	-0.082809
6.340050	0.090753
6.340050	0.183008
6.340050	0.169036
6.340050	0.110269
6.350050	0.010522
6.350050	-0.155470
6.350050	-0.083972
6.350050	0.089351
6.350050	0.182468
6.350050	0.169263
6.350050	0.110742
6.360051	0.012074
6.360051	-0.154869
6.360051	-0.085125
6.360051	0.087948
6.360051	0.181921
6.360051	0.169486
6.360051	0.111213
6.370051	0.013619
6.370051	-0.154255
6.370051	-0.086266
6.370051	0.086542
6.370051	0.181367
6.370051	0.169704
6.370051	0.111683
6.380051	0.015159
6.380051	-0.153628
6.380051	-0.087397
6.380051	0.085135
6.380051	0.180805
6.380051	0.169917
6.380051	0.112152
6.390051	0.016692
6.390051	-0.152988
6.390051	-0.088517
6.390051	0.083727
6.390051	0.180236
6.390051	0.170124
6.390051	0.112621
6.400052	0.018219
6.400052	-0.152336
6.400052	-0.089626
6.400052	0.082317
6.400052	0.179659
6.400052	0.170327
6.400052	0.113088
6.410052	0.019739
6.410052	-0.151672
6.410052	-0.090723
6.410052	0.080905
6.410052	0.179075
6.410052	0.170524
6.410052	0.113553
6.420052	0.021252
6.420052	-0.150995
6.420052	-0.091810
6.420052	0.079493
6.420052	0.178483
6.420052	0.170716
6.420052	0.114018
6.430052	0.022759
6.430052	-0.150306
6.430052	-0.092885
6.430052	0.078079
6.430052	0.177885
6.430052	0.170903
6.430052	0.114481
6.440053	0.024258
6.440053	-0.149605
6.440053	-0.093949
6.440053	0.076663
6.440053	0.177278
6.440053	0.171084
6.440053	0.114943
6.450053	0.025751
6.450053	-0.148892
6.450053	-0.095002
6.450053	0.075247
6.450053	0.176665
6.450053	0.171260
6.450053	0.115404
6.460053	0.027236
6.460053	-0.148167
6.460053	-0.096044
6.460053	0.073830
6.460053	0.176044
6.460053	0.171431
6.460053	0.115864
6.470053	0.028714
6.470053	-0.147430
6.470053	-0.097074
6.470053	0.072412
6.470053	0.175417
6.470053	0.171597
6.470053	0.116322
6.480053	0.030185
6.480053	-0.146681
6.480053	-0.098092
6.480053	0.070993
6.480053	0.174781
6.480053	0.171757
6.480053	0.116779
6.490054	0.031648
6.490054	-0.145920
6.490054	-0.099099
6.490054	0.069574
6.490054	0.174139
6.490054	0.171912
6.490054	0.117234
6.500054	0.033103
6.500054	-0.145148
6.500054	-0.100094
6.500054	0.068154
6.500054	0.173490
6.500054	0.172061
6.500054	0.117688
6.510054	0.034551
6.510054	-0.144365
6.510054	-0.101078
6.510054	0.066733
6.510054	0.172833
6.510054	0.172205
6.510054	0.118141
6.520054	0.035991
6.520054	-0.143570
6.520054	-0.102050
6.520054	0.065312
6.520054	0.172170
6.520054	0.172343
6.520054	0.118592
6.530055	0.037422
6.530055	-0.142764
6.530055	-0.103010
6.530055	0.063891
6.530055	0.171499
6.530055	0.172476
6.530055	0.119041
6.540055	0.038846
6.540055	-0.141947
6.540055	-0.103959
6.540055	0.062469
6.540055	0.170821
6.540055	0.172604
6.540055	0.119489
6.550055	0.040261
6.550055	-0.141119
6.550055	-0.104896
6.550055	0.061047
6.550055	0.170136
6.550055	0.172726
6.550055	0.119935
6.560055	0.041668
6.560055	-0.140280
6.560055	-0.105820
6.560055	0.059625
6.560055	0.169444
6.560055	0.172842
6.560055	0.120380
6.570055	0.043067
6.570055	-0.139431
6.570055	-0.106733
6.570055	0.058204
6.570055	0.168746
6.570055	0.172953
6.570055	0.120823
6.580056	0.044457
6.580056	-0.138570
6.580056	-0.107634
6.580056	0.056782
6.580056	0.168040
6.580056	0.173058
6.580056	0.121264
6.590056	0.045838
6.590056	-0.137699
6.590056	-0.108523
6.590056	0.055361
6.590056	0.167328
6.590056	0.173158
6.590056	0.121704
6.600056	0.047211
6.600056	-0.136818
6.600056	-0.109400
6.600056	0.053939
6.600056	0.166608
6.600056	0.173252
6.600056	0.122142
6.610056	0.048575
6.610056	-0.135926
6.610056	-0.110265
6.610056	0.052519
6.610056	0.165882
6.610056	0.173340
6.610056	0.122578
6.620057	0.049929
6.620057	-0.135024
6.620057	-0.111118
6.620057	0.051098
6.620057	0.165149
6.620057	0.173422
6.620057	0.123013
6.630057	0.051275
6.630057	-0.134111
6.630057	-0.111959
6.630057	0.049679
6.630057	0.164409
6.630057	0.173499
6.630057	0.123445
6.640057	0.052612
6.640057	-0.133189
6.640057	-0.112787
6.640057	0.048260
6.640057	0.163663
6.640057	0.173570
6.640057	0.123876
6.650057	0.053939
6.650057	-0.132257
6.650057	-0.113603
6.650057	0.046842
6.650057	0.162910
6.650057	0.173636
6.650057	0.124305
6.660058	0.055257
6.660058	-0.131315
6.660058	-0.114407
6.660058	0.045424
6.660058	0.162150
6.660058	0.173695
6.660058	0.124732
6.670058	0.056565
6.670058	-0.130363
6.670058	-0.115199
6.670058	0.044008
6.670058	0.161383
6.670058	0.173749
6.670058	0.125157
6.680058	0.057864
6.680058	-0.129402
6.680058	-0.115978
6.680058	0.042592
6.680058	0.160610
6.680058	0.173797
6.680058	0.125580
6.690058	0.059153
6.690058	-0.128431
6.690058	-0.116745
6.690058	0.041178
6.690058	0.159831
6.690058	0.173839
6.690058	0.126001
6.700058	0.060433
6.700058	-0.127451
6.700058	-0.117500
6.700058	0.039765
6.700058	0.159045
6.700058	0.173876
6.700058	0.126420
6.710059	0.061702
6.710059	-0.126461
6.710059	-0.118242
6.710059	0.038353
6.710059	0.158252
6.710059	0.173906
6.710059	0.126837
6.720059	0.062962
6.720059	-0.125463
6.720059	-0.118972
6.720059	0.036943
6.720059	0.157454
6.720059	0.173931
6.720059	0.127252
6.730059	0.064212
6.730059	-0.124455
6.730059	-0.119689
6.730059	0.035534
6.730059	0.156648
6.730059	0.173949
6.730059	0.127664
6.740059	0.065451
6.740059	-0.123439
6.740059	-0.120394
6.740059	0.034127
6.740059	0.155837
6.740059	0.173962
6.740059	0.128075
6.750060	0.066680
6.750060	-0.122414
6.750060	-0.121086
6.750060	0.032721
6.750060	0.155019
6.750060	0.173969
6.750060	0.128483
6.760060	0.067899
6.760060	-0.121380
6.760060	-0.121766
6.760060	0.031317
6.760060	0.154194
6.760060	0.173970
6.760060	0.128890
6.770060	0.069108
6.770060	-0.120337
6.770060	-0.122433
6.770060	0.029915
6.770060	0.153364
6.770060	0.173964
6.770060	0.129293
6.780060	0.070306
6.780060	-0.119287
6.780060	-0.123087
6.780060	0.028515
6.780060	0.152527
6.780060	0.173953
6.780060	0.129695
6.790061	0.071494
6.790061	-0.118227
6.790061	-0.123729
6.790061	0.027117
6.790061	0.151685
6.790061	0.173936
6.790061	0.130095
6.800061	0.072671
6.800061	-0.117160
6.800061	-0.124359
6.800061	0.025721
6.800061	0.150836
6.800061	0.173913
6.800061	0.130492
6.810061	0.073837
6.810061	-0.116085
6.810061	-0.124975
6.810061	0.024327
6.810061	0.149981
6.810061	0.173884
6.810061	0.130886
6.820061	0.074993
6.820061	-0.115002
6.820061	-0.125579
6.820061	0.022935
6.820061	0.149120
6.820061	0.173849
6.820061	0.131279
6.830061	0.076137
6.830061	-0.113911
6.830061	-0.126171
6.830061	0.021546
6.830061	0.148253
6.830061	0.173807
6.830061	0.131668
6.840062	0.077271
6.840062	-0.112812
6.840062	-0.126749
6.840062	0.020160
6.840062	0.147380
6.840062	0.173760
6.840062	0.132056
6.850062	0.078393
6.850062	-0.111705
6.850062	-0.127315
6.850062	0.018776
6.850062	0.146502
6.850062	0.173707
6.850062	0.132441
6.860062	0.079505
6.860062	-0.110592
6.860062	-0.127868
6.860062	0.017394
6.860062	0.145617
6.860062	0.173647
6.860062	0.132823
6.870062	0.080605
6.870062	-0.109470
6.870062	-0.128409
6.870062	0.016015
6.870062	0.144727
6.870062	0.173581
6.870062	0.133203
6.880063	0.081694
6.880063	-0.108342
6.880063	-0.128936
6.880063	0.014639
6.880063	0.143831
6.880063	0.173510
6.880063	0.133580
6.890063	0.082772
6.890063	-0.107207
6.890063	-0.129451
6.890063	0.013266
6.890063	0.142929
6.890063	0.173432
6.890063	0.133955
6.900063	0.083839
6.900063	-0.106064
6.900063	-0.129953
6.900063	0.011896
6.900063	0.142022
6.900063	0.173348
6.900063	0.134327
6.910063	0.084893
6.910063	-0.104915
6.910063	-0.130442
6.910063	0.010529
6.910063	0.141109
6.910063	0.173257
6.910063	0.134697
6.920063	0.085937
6.920063	-0.103759
6.920063	-0.130919
6.920063	0.009165
6.920063	0.140190
6.920063	0.173161
6.920063	0.135063
6.930064	0.086969
6.930064	-0.102597
6.930064	-0.131382
6.930064	0.007805
6.930064	0.139266
6.930064	0.173058
6.930064	0.135427
6.940064	0.087989
6.940064	-0.101427
6.940064	-0.131833
6.940064	0.006448
6.940064	0.138337
6.940064	0.172950
6.940064	0.135789
6.950064	0.088997
6.950064	-0.100252
6.950064	-0.132271
6.950064	0.005094
6.950064	0.137402
6.950064	0.172835
6.950064	0.136147
6.960064	0.089994
6.960064	-0.099071
6.960064	-0.132696
6.960064	0.003744
6.960064	0.136461
6.960064	0.172713
6.960064	0.136503
6.970065	0.090979
6.970065	-0.097883
6.970065	-0.133109
6.970065	0.002397
6.970065	0.135516
6.970065	0.172586
6.970065	0.136856
6.980065	0.091952
6.980065	-0.096689
6.980065	-0.133508
6.980065	0.001054
6.980065	0.134565
6.980065	0.172452
6.980065	0.137206
6.990065	0.092912
6.990065	-0.095490
6.990065	-0.133895
6.990065	-0.000285
6.990065	0.133609
6.990065	0.172313
6.990065	0.137553
